step,x,y,vx,vy,angle,angular_velocity,left_leg_contact,right_leg_contact,navigation_action,current_fps,fresh_observation,n_fresh_observations,n_fresh_observations_before_touchdown,n_fresh_observations_after_touchdown,instant_nav_reward,cumulative_nav_reward,instant_adaptive_reward,cumulative_adaptive_reward,instant_frame_penalty,terminated,truncated,vy_at_touchdown,success
1,-0.011535359,1.4073244,-0.5785266,-0.09278416,0.011665433,0.09876854,False,False,3,50,True,2,2,0,0.21974649079067035,0.21974649079067035,0.21974649079067035,0.21974649079067035,0.0,False,False,nan,False
2,-0.017185975,1.4046407,-0.5678862,-0.11930525,0.014463069,0.055957865,False,False,3,50,True,3,3,0,0.5164990100398097,0.73624550083048,0.5164990100398097,0.73624550083048,0.0,False,False,nan,False
3,-0.02277708,1.4013569,-0.56043667,-0.14595573,0.015765836,0.026057884,False,False,3,50,True,4,4,0,0.2753398758059131,1.0115853766363931,0.2753398758059131,1.0115853766363931,0.0,False,False,nan,False
4,-0.028272342,1.3974643,-0.5483995,-0.1729948,0.014656491,-0.022188911,False,False,3,50,True,5,5,0,0.8693420467523663,1.8809274233887594,0.8693420467523663,1.8809274233887594,0.0,False,False,nan,False
5,-0.03368969,1.3929691,-0.5386342,-0.19975802,0.011591667,-0.06130253,False,False,3,50,True,6,6,0,0.7694586588561958,2.650386082244955,0.7694586588561958,2.650386082244955,0.0,False,False,nan,False
6,-0.039046098,1.3878834,-0.5309982,-0.22600357,0.0069968943,-0.09190366,False,False,3,50,True,7,7,0,0.6627815739250889,3.3131676561700436,0.6627815739250889,3.3131676561700436,0.0,False,False,nan,False
7,-0.044319533,1.3822104,-0.52057904,-0.25211686,0.0003153462,-0.13364337,False,False,3,50,True,8,8,0,1.0570279284115156,4.370195584581559,1.0570279284115156,4.370195584581559,0.0,False,False,nan,False
8,-0.04959259,1.3759379,-0.520558,-0.27878824,-0.00636459,-0.13361093,False,False,0,50,True,9,9,0,-1.2054732970365762,3.1647222875449827,-1.2054732970365762,3.1647222875449827,0.0,False,False,nan,False
9,-0.05486555,1.369066,-0.52053803,-0.30545965,-0.013043914,-0.13359867,False,False,0,50,True,10,10,0,-1.3045753677326388,1.860146919812344,-1.3045753677326388,1.860146919812344,0.0,False,False,nan,False
10,-0.060138226,1.3615946,-0.5205186,-0.33213106,-0.019722212,-0.13357835,False,False,0,50,True,11,11,0,-1.3346273102383748,0.5255196095739691,-1.3346273102383748,0.5255196095739691,0.0,False,False,nan,False
11,-0.06541071,1.353524,-0.520499,-0.35880268,-0.026399458,-0.13355717,False,False,0,50,True,12,12,0,-1.358932209184104,-0.8334125996101349,-1.358932209184104,-0.8334125996101349,0.0,False,False,nan,False
12,-0.070683,1.3448538,-0.5204795,-0.3854745,-0.033075668,-0.13353628,False,False,0,50,True,13,13,0,-1.3777158920346437,-2.2111284916447786,-1.3777158920346437,-2.2111284916447786,0.0,False,False,nan,False
13,-0.07595511,1.3355842,-0.52046007,-0.41214648,-0.039750833,-0.13351555,False,False,0,50,True,14,14,0,-1.3912456326113443,-3.602374124256123,-1.3912456326113443,-3.602374124256123,0.0,False,False,nan,False
14,-0.08122692,1.3257151,-0.52044076,-0.4388186,-0.046424977,-0.13349487,False,False,0,50,True,15,15,0,-1.3997829987764305,-5.002157123032553,-1.3997829987764305,-5.002157123032553,0.0,False,False,nan,False
15,-0.08649854,1.3152466,-0.5204216,-0.4654909,-0.053098094,-0.13347456,False,False,0,50,True,16,16,0,-1.4036606156053608,-6.405817738637914,-1.4036606156053608,-6.405817738637914,0.0,False,False,nan,False
16,-0.09176998,1.3041786,-0.52040255,-0.4921634,-0.059770215,-0.13345432,False,False,0,50,True,17,17,0,-1.4031632934433276,-7.808981032081242,-1.4031632934433276,-7.808981032081242,0.0,False,False,nan,False
17,-0.09704113,1.2925112,-0.52038366,-0.5188361,-0.06644133,-0.1334341,False,False,0,50,True,18,18,0,-1.398618932744398,-9.20759996482564,-1.398618932744398,-9.20759996482564,0.0,False,False,nan,False
18,-0.10231209,1.2802444,-0.5203648,-0.5455088,-0.073111445,-0.13341409,False,False,0,50,True,19,19,0,-1.3903287989791977,-10.597928763804838,-1.3903287989791977,-10.597928763804838,0.0,False,False,nan,False
19,-0.10758276,1.2673781,-0.52034605,-0.5721817,-0.07978053,-0.13339373,False,False,0,50,True,20,20,0,-1.3785703739824555,-11.976499137787293,-1.3785703739824555,-11.976499137787293,0.0,False,False,nan,False
20,-0.112853244,1.2539121,-0.52032745,-0.59885484,-0.086448625,-0.13337375,False,False,0,50,True,21,21,0,-1.3636591404830938,-13.340158278270387,-1.3636591404830938,-13.340158278270387,0.0,False,False,nan,False
21,-0.118123434,1.239847,-0.520309,-0.6255281,-0.09311575,-0.13335401,False,False,0,50,True,22,22,0,-1.3458923765033717,-14.686050654773759,-1.3458923765033717,-14.686050654773759,0.0,False,False,nan,False
22,-0.12339344,1.225182,-0.5202906,-0.65220153,-0.09978184,-0.13333397,False,False,0,50,True,23,23,0,-1.3254603844678456,-16.011511039241604,-1.3254603844678456,-16.011511039241604,0.0,False,False,nan,False
23,-0.12866326,1.2099175,-0.5202724,-0.6788751,-0.10644696,-0.13331433,False,False,0,50,True,24,24,0,-1.3026590460549414,-17.314170085296546,-1.3026590460549414,-17.314170085296546,0.0,False,False,nan,False
24,-0.13393287,1.1940538,-0.52025425,-0.7055489,-0.11311108,-0.13329442,False,False,0,50,True,25,25,0,-1.2777277787583046,-18.59189786405485,-1.2777277787583046,-18.59189786405485,0.0,False,False,nan,False
25,-0.13920383,1.1775692,-0.5203952,-0.7331705,-0.11977469,-0.13327193,False,False,0,50,True,26,26,0,-1.3352737802705121,-19.927171644325362,-1.3352737802705121,-19.927171644325362,0.0,False,False,nan,False
26,-0.14447479,1.1604851,-0.5203959,-0.75984085,-0.12643829,-0.13327163,False,False,0,50,True,27,27,0,-1.2217378371562972,-21.14890948148166,-1.2217378371562972,-21.14890948148166,0.0,False,False,nan,False
27,-0.14974566,1.1428015,-0.52039653,-0.7865112,-0.13310185,-0.13327119,False,False,0,50,True,28,28,0,-1.1915656806984316,-22.34047516218009,-1.1915656806984316,-22.34047516218009,0.0,False,False,nan,False
28,-0.15501662,1.1245189,-0.52039725,-0.8131815,-0.1397654,-0.13327086,False,False,0,50,True,29,29,0,-1.1601090313623672,-23.50058419354246,-1.1601090313623672,-23.50058419354246,0.0,False,False,nan,False
29,-0.16028738,1.1056367,-0.52039796,-0.8398518,-0.14642893,-0.13327062,False,False,0,10,True,30,30,0,-1.1274363129648748,-24.628020506507333,-1.1274363129648748,-24.628020506507333,0.0,False,False,nan,False
30,-0.16555814,1.086155,-0.52039874,-0.86652213,-0.15309243,-0.13327006,False,False,0,10,False,30,30,0,-1.0937715577061056,-25.72179206421344,-1.0937715577061056,-25.72179206421344,0.0,False,False,nan,False
31,-0.17082891,1.0660739,-0.52039945,-0.89319247,-0.1597559,-0.13326952,False,False,0,10,False,30,30,0,-1.0592866605817903,-26.78107872479523,-1.0592866605817903,-26.78107872479523,0.0,False,False,nan,False
32,-0.1760995,1.0453935,-0.5204004,-0.91986275,-0.16641933,-0.13326867,False,False,0,10,False,30,30,0,-1.0241275388075906,-27.80520626360282,-1.0241275388075906,-27.80520626360282,0.0,False,False,nan,False
33,-0.18137006,1.0241137,-0.5204013,-0.9465331,-0.17308272,-0.13326833,False,False,0,10,False,30,30,0,-0.9884649029690422,-28.793671166571862,-0.9884649029690422,-28.793671166571862,0.0,False,False,nan,False
34,-0.18664046,1.0022342,-0.52040225,-0.97320336,-0.17974612,-0.13326791,False,False,0,10,True,31,31,0,-0.9524278481104318,-29.746099014682294,-0.9524278481104318,-29.746099014682294,0.0,False,False,nan,False
35,-0.19190225,0.9811083,-0.51883554,-0.9398414,-0.1871168,-0.14741383,False,False,2,10,False,31,31,0,3.9456776546003995,-25.800421360081895,3.9456776546003995,-25.800421360081895,0.0,False,False,nan,False
36,-0.19693737,0.96029896,-0.49667326,-0.9257409,-0.19398335,-0.13733087,False,False,2,10,False,31,31,0,3.2528448808391603,-22.547576479242736,3.2528448808391603,-22.547576479242736,0.0,False,False,nan,False
37,-0.20169635,0.94008553,-0.46962148,-0.8992111,-0.20030892,-0.1265116,False,False,2,10,False,31,31,0,4.55841172196416,-17.989164757278576,4.55841172196416,-17.989164757278576,0.0,False,False,nan,False
38,-0.20620064,0.92072785,-0.44440764,-0.861167,-0.20637356,-0.12129271,False,False,2,10,False,31,31,0,5.426218664512999,-12.562946092765578,5.426218664512999,-12.562946092765578,0.0,False,False,nan,False
39,-0.21048984,0.9022024,-0.42297858,-0.82419187,-0.21237051,-0.11993959,False,False,2,10,True,32,32,0,5.078940191043228,-7.484005901722351,5.078940191043228,-7.484005901722351,0.0,False,False,nan,False
40,-0.21447778,0.88415265,-0.39351648,-0.802982,-0.21770509,-0.106691346,False,False,2,10,False,32,32,0,4.047128217227692,-3.436877684494659,4.047128217227692,-3.436877684494659,0.0,False,False,nan,False
41,-0.21817026,0.866883,-0.3643865,-0.7682673,-0.22262532,-0.09840446,False,False,2,10,False,32,32,0,5.188153508916014,1.7512758244213549,5.188153508916014,1.7512758244213549,0.0,False,False,nan,False
42,-0.22159334,0.8496999,-0.33818465,-0.7643188,-0.22679782,-0.083449796,False,False,2,10,False,32,32,0,2.313015769617391,4.064291594038746,2.313015769617391,4.064291594038746,0.0,False,False,nan,False
43,-0.22492042,0.8333985,-0.3280061,-0.7252355,-0.23156622,-0.09536799,False,False,2,10,False,32,32,0,4.69676190471331,8.761053498752055,4.69676190471331,8.761053498752055,0.0,False,False,nan,False
44,-0.228134,0.81794286,-0.31615418,-0.6877439,-0.23684764,-0.10562798,False,False,2,10,True,33,33,0,4.480310253719648,13.241363752471702,4.480310253719648,13.241363752471702,0.0,False,False,nan,False
45,-0.23113775,0.8029414,-0.2953527,-0.6675519,-0.24194878,-0.102023005,False,False,2,10,False,33,33,0,3.2472828593665044,16.488646611838206,3.2472828593665044,16.488646611838206,0.0,False,False,nan,False
46,-0.23400144,0.788131,-0.2814016,-0.65906376,-0.24700627,-0.101149715,False,False,2,10,False,33,33,0,1.8700558191003267,18.358702430938532,1.8700558191003267,18.358702430938532,0.0,False,False,nan,False
47,-0.23670053,0.7742028,-0.26457086,-0.61994,-0.2524437,-0.10874869,False,False,2,10,False,33,33,0,4.67101762851716,23.02972005945569,4.67101762851716,23.02972005945569,0.0,False,False,nan,False
48,-0.2392757,0.76023203,-0.2523063,-0.6218291,-0.25775567,-0.10623928,False,False,2,10,False,33,33,0,0.7237430567642604,23.75346311621995,0.7237430567642604,23.75346311621995,0.0,False,False,nan,False
49,-0.2417256,0.74677193,-0.23948582,-0.59920424,-0.26338142,-0.11251508,False,False,2,10,True,34,34,0,2.9228251361611344,26.676288252381084,2.9228251361611344,26.676288252381084,0.0,False,False,nan,False
50,-0.24392232,0.7339182,-0.21433175,-0.57224727,-0.2688456,-0.10928343,False,False,2,10,False,34,34,0,3.728593821801735,30.40488207418282,3.728593821801735,30.40488207418282,0.0,False,False,nan,False
51,-0.24599752,0.7214261,-0.20194559,-0.5562312,-0.2745562,-0.11421192,False,False,2,10,False,34,34,0,2.1779251298743647,32.58280720405718,2.1779251298743647,32.58280720405718,0.0,False,False,nan,False
52,-0.24774203,0.7096337,-0.16926184,-0.5250906,-0.27988178,-0.10651181,False,False,2,10,False,34,34,0,4.231183104510859,36.813990308568044,4.231183104510859,36.813990308568044,0.0,False,False,nan,False
53,-0.2491177,0.6982581,-0.1331373,-0.50643796,-0.28443444,-0.09105325,False,False,2,10,False,34,34,0,3.0767901075668194,39.89078041613487,3.0767901075668194,39.89078041613487,0.0,False,False,nan,False
54,-0.2501959,0.6870359,-0.104040585,-0.49950296,-0.28831863,-0.07768406,False,False,2,50,True,35,35,0,1.6730231848698167,41.563803601004686,1.6730231848698167,41.563803601004686,0.0,False,False,nan,False
55,-0.25092673,0.6766434,-0.0695903,-0.46258768,-0.29191697,-0.0719666,False,False,2,50,True,36,36,0,4.533452619767854,46.09725622077254,4.533452619767854,46.09725622077254,0.0,False,False,nan,False
56,-0.2517055,0.66627735,-0.07364121,-0.4615651,-0.2962841,-0.08734231,False,False,2,50,True,37,37,0,0.24582199705680524,46.34307821782935,0.24582199705680524,46.34307821782935,0.0,False,False,nan,False
57,-0.25235033,0.65623415,-0.06002571,-0.44728133,-0.30089024,-0.092122346,False,False,2,50,True,38,38,0,1.766053570724705,48.10913178855406,1.766053570724705,48.10913178855406,0.0,False,False,nan,False
58,-0.25279027,0.6470956,-0.039084837,-0.4071822,-0.30596718,-0.101539075,False,False,2,50,True,39,39,0,4.252235677087282,52.361367465641344,4.252235677087282,52.361367465641344,0.0,False,False,nan,False
59,-0.25320393,0.6379522,-0.036045413,-0.40750638,-0.31148148,-0.11028606,False,False,2,50,True,40,40,0,-0.020195309703854025,52.34117215593749,-0.020195309703854025,52.34117215593749,0.0,False,False,nan,False
60,-0.25368446,0.6282396,-0.044478007,-0.43244484,-0.31518814,-0.07413319,False,False,1,50,True,41,41,0,-2.0797096882781703,50.26146246765932,-2.0797096882781703,50.26146246765932,0.0,False,False,nan,False
61,-0.2538499,0.6185326,-0.013753648,-0.43203366,-0.31808865,-0.05801018,False,False,2,50,True,42,42,0,0.5501329879925663,50.81159545565189,0.5501329879925663,50.81159545565189,0.0,False,False,nan,False
62,-0.2538084,0.6091139,0.0068881237,-0.41921106,-0.32093734,-0.056973398,False,False,2,50,True,43,43,0,1.5855886930150234,52.397184148666916,1.5855886930150234,52.397184148666916,0.0,False,False,nan,False
63,-0.25383538,0.5991314,-0.0017733118,-0.44387314,-0.321901,-0.019273201,False,False,1,50,True,44,44,0,-1.6680026374009447,50.72918151126597,-1.6680026374009447,50.72918151126597,0.0,False,False,nan,False
64,-0.25345963,0.5898298,0.038005013,-0.41350174,-0.32234782,-0.008936618,False,False,2,50,True,45,45,0,3.388811725252862,54.117993236518835,3.388811725252862,54.117993236518835,0.0,False,False,nan,False
65,-0.2531705,0.5799812,0.027006269,-0.43729144,-0.3203608,0.039739873,False,False,1,50,True,46,46,0,-1.2040664527226557,52.91392678379618,-1.2040664527226557,52.91392678379618,0.0,False,False,nan,False
66,-0.2527333,0.5710669,0.042616107,-0.39594498,-0.319215,0.022916239,False,False,2,50,True,47,47,0,4.637533192608157,57.55145997640434,4.637533192608157,57.55145997640434,0.0,False,False,nan,False
67,-0.25235668,0.5615818,0.034978084,-0.4209734,-0.3164226,0.05584805,False,False,1,50,True,48,48,0,-1.2883679011493985,56.26309207525494,-1.2883679011493985,56.26309207525494,0.0,False,False,nan,False
68,-0.25177938,0.5526603,0.05526682,-0.39597356,-0.3138656,0.05114039,False,False,2,50,True,49,49,0,3.0535397778634037,59.316631853118345,3.0535397778634037,59.316631853118345,0.0,False,False,nan,False
69,-0.25126046,0.54317045,0.047872398,-0.42090586,-0.3096977,0.08335857,False,False,1,50,True,50,50,0,-1.1098790909399543,58.20675276217839,-1.1098790909399543,58.20675276217839,0.0,False,False,nan,False
70,-0.25056267,0.53409964,0.06591879,-0.40233028,-0.3057001,0.079952165,False,False,2,50,True,51,51,0,2.543952542873467,60.75070530505186,2.543952542873467,60.75070530505186,0.0,False,False,nan,False
71,-0.2495461,0.5253488,0.09725948,-0.3880099,-0.30115062,0.09098952,False,False,2,50,True,52,52,0,1.7577697154654686,62.50847502051733,1.7577697154654686,62.50847502051733,0.0,False,False,nan,False
72,-0.2486103,0.51602626,0.087107524,-0.4130117,-0.29447317,0.13354906,False,False,1,50,True,53,53,0,-0.6892706428947679,61.81920437762256,-0.6892706428947679,61.81920437762256,0.0,False,False,nan,False
73,-0.24739175,0.50759715,0.11546779,-0.37334925,-0.28788105,0.13184248,False,False,2,50,True,54,54,0,4.300938707772571,66.12014308539513,4.300938707772571,66.12014308539513,0.0,False,False,nan,False
74,-0.24624681,0.4986112,0.106092356,-0.39773694,-0.27924386,0.17274396,False,False,1,50,True,55,55,0,-0.39373272202843057,65.7264103633667,-0.39373272202843057,65.7264103633667,0.0,False,False,nan,False
75,-0.24488416,0.48950323,0.1272975,-0.40311158,-0.270045,0.18397704,False,False,2,50,True,56,56,0,0.3871264787455118,66.11353684211221,0.3871264787455118,66.11353684211221,0.0,False,False,nan,False
76,-0.2433292,0.48055804,0.14627954,-0.39589173,-0.26061696,0.18856083,False,False,2,50,True,57,57,0,1.5798792959486547,67.69341613806087,1.5798792959486547,67.69341613806087,0.0,False,False,nan,False
77,-0.24184251,0.47102952,0.13771656,-0.42158034,-0.2494369,0.22360125,False,False,1,50,True,58,58,0,-0.14078265719510227,67.55263348086577,-0.14078265719510227,67.55263348086577,0.0,False,False,nan,False
78,-0.24035554,0.46090266,0.13771261,-0.44825712,-0.23825692,0.22359928,False,False,0,50,True,59,59,0,-0.45725923279722736,67.09537424806854,-0.45725923279722736,67.09537424806854,0.0,False,False,nan,False
79,-0.23886824,0.4501774,0.13770883,-0.47493395,-0.22707704,0.22359736,False,False,0,50,True,60,60,0,-0.4197124854666612,66.67566176260188,-0.4197124854666612,66.67566176260188,0.0,False,False,nan,False
80,-0.23738074,0.43885383,0.13770524,-0.5016108,-0.21589726,0.22359543,False,False,0,50,True,61,61,0,-0.380995834578826,66.29466592802305,-0.380995834578826,66.29466592802305,0.0,False,False,nan,False
81,-0.2357995,0.4269079,0.14943513,-0.52967864,-0.20712528,0.17543964,False,False,3,50,True,62,62,0,-1.047276386578203,65.24738954144485,-1.047276386578203,65.24738954144485,0.0,False,False,nan,False
82,-0.23411211,0.41566187,0.16037297,-0.4986761,-0.19869804,0.16854468,False,False,2,50,True,63,63,0,4.259610263306553,69.5069998047514,4.259610263306553,69.5069998047514,0.0,False,False,nan,False
83,-0.23228732,0.4045049,0.17390095,-0.49473393,-0.19006754,0.17261042,False,False,2,50,True,64,64,0,1.5652957157062957,71.0722955204577,1.5652957157062957,71.0722955204577,0.0,False,False,nan,False
84,-0.23051186,0.39341083,0.16956298,-0.49206674,-0.18204767,0.16039756,False,False,2,50,True,65,65,0,1.945214780766986,73.01751030122469,1.945214780766986,73.01751030122469,0.0,False,False,nan,False
85,-0.22861461,0.38293213,0.181853,-0.46477753,-0.17415312,0.15789068,False,False,2,50,True,66,66,0,3.6254430770191535,76.64295337824385,3.6254430770191535,76.64295337824385,0.0,False,False,nan,False
86,-0.22675109,0.37284186,0.17915419,-0.4476302,-0.16694091,0.14424413,False,False,2,50,True,67,67,0,3.075400823264471,79.71835420150832,3.075400823264471,79.71835420150832,0.0,False,False,nan,False
87,-0.22481576,0.3635404,0.18671161,-0.41264993,-0.16011366,0.13654493,False,False,2,50,True,68,68,0,4.1993482571605485,83.91770245866887,4.1993482571605485,83.91770245866887,0.0,False,False,nan,False
88,-0.22284517,0.35502765,0.19075157,-0.37768164,-0.15380913,0.12609059,False,False,2,50,True,69,69,0,4.137806255568546,88.05550871423742,4.137806255568546,88.05550871423742,0.0,False,False,nan,False
89,-0.22097096,0.34593323,0.1786463,-0.40330732,-0.14504872,0.17520799,False,False,1,50,True,70,70,0,-0.08367997234418453,87.97182874189323,-0.08367997234418453,87.97182874189323,0.0,False,False,nan,False
90,-0.21909662,0.33624002,0.17864488,-0.42998037,-0.13628837,0.17520705,False,False,0,50,True,71,71,0,-0.6590679870170391,87.3127607548762,-0.6590679870170391,87.3127607548762,0.0,False,False,nan,False
91,-0.21722221,0.3259477,0.17864355,-0.45665342,-0.12752807,0.17520612,False,False,0,50,True,72,72,0,-0.6352142127415732,86.67754654213462,-0.6352142127415732,86.67754654213462,0.0,False,False,nan,False
92,-0.21525875,0.31503597,0.18982527,-0.48442098,-0.12104183,0.12972505,False,False,3,50,True,73,73,0,-1.3603406426757931,85.31720589945883,-1.3603406426757931,85.31720589945883,0.0,False,False,nan,False
93,-0.21325369,0.3050189,0.1943517,-0.44471705,-0.11492188,0.12239887,False,False,2,50,True,74,74,0,4.745557580298152,90.06276347975698,4.745557580298152,90.06276347975698,0.0,False,False,nan,False
94,-0.2110024,0.29536387,0.21817347,-0.4285935,-0.10801129,0.13821185,False,False,2,50,True,75,75,0,1.749705856622836,91.81246933637982,1.749705856622836,91.81246933637982,0.0,False,False,nan,False
95,-0.20875105,0.2851094,0.21817283,-0.45526412,-0.10110071,0.1382114,False,False,0,50,True,76,76,0,-0.7373893975699559,91.07507993880986,-0.7373893975699559,91.07507993880986,0.0,False,False,nan,False
96,-0.20652556,0.27520618,0.2160004,-0.43971288,-0.09460586,0.1298971,False,False,2,50,True,77,77,0,2.7715852882851495,93.84666522709502,2.7715852882851495,93.84666522709502,0.0,False,False,nan,False
97,-0.20430008,0.26470363,0.21599981,-0.4663831,-0.08811102,0.12989673,False,False,0,50,True,78,78,0,-0.7871966089745968,93.05946861812042,-0.7871966089745968,93.05946861812042,0.0,False,False,nan,False
98,-0.20195079,0.25443378,0.2280258,-0.45604694,-0.08127241,0.13677219,False,False,2,50,True,79,79,0,1.74708456744288,94.8065531855633,1.74708456744288,94.8065531855633,0.0,False,False,nan,False
99,-0.19959708,0.24444953,0.2286636,-0.4433962,-0.074635915,0.13272996,False,False,2,50,True,80,80,0,2.3880892548037,97.194642440367,2.3880892548037,97.194642440367,0.0,False,False,nan,False
100,-0.19707613,0.2348719,0.2448477,-0.4253296,-0.06745966,0.14352517,False,False,2,50,True,81,81,0,2.1277443810251926,99.3223868213922,2.1277443810251926,99.3223868213922,0.0,False,False,nan,False
101,-0.19458275,0.22624828,0.24253368,-0.38298103,-0.060735174,0.1344898,False,False,2,50,True,82,82,0,4.936383344044768,104.25877016543697,4.936383344044768,104.25877016543697,0.0,False,False,nan,False
102,-0.19208947,0.21702527,0.24253333,-0.4096515,-0.0540107,0.13448939,False,False,0,50,True,83,83,0,-0.743247252558561,103.51552291287841,-0.743247252558561,103.51552291287841,0.0,False,False,nan,False
103,-0.18951139,0.20720524,0.2531472,-0.43628547,-0.049408015,0.09205351,False,False,3,50,True,84,84,0,-1.501780795312057,102.01374211756635,-1.501780795312057,102.01374211756635,0.0,False,False,nan,False
104,-0.18673944,0.198131,0.2718438,-0.4031313,-0.044115003,0.10586025,False,False,2,50,True,85,85,0,2.9014187127621627,104.91516083032852,2.9014187127621627,104.91516083032852,0.0,False,False,nan,False
105,-0.18401289,0.18903787,0.2675944,-0.4039975,-0.039111223,0.10007546,False,False,2,50,True,86,86,0,1.2097835484073556,106.12494437873588,1.2097835484073556,106.12494437873588,0.0,False,False,nan,False
106,-0.18123646,0.18085364,0.2725199,-0.36362103,-0.03406045,0.101015545,False,False,2,50,True,87,87,0,3.999923219796412,110.12486759853229,3.999923219796412,110.12486759853229,0.0,False,False,nan,False
107,-0.17859411,0.17363621,0.25992268,-0.32068256,-0.029794225,0.08532438,False,False,2,50,True,88,88,0,4.983053649768746,115.10792124830104,4.983053649768746,115.10792124830104,0.0,False,False,nan,False
108,-0.17595167,0.16581903,0.25992265,-0.34735078,-0.025528027,0.085324265,False,False,0,50,True,89,89,0,-0.9461879843887289,114.16173326391231,-0.9461879843887289,114.16173326391231,0.0,False,False,nan,False
109,-0.17344399,0.1583901,0.24715371,-0.33011782,-0.021963539,0.07128979,False,False,2,50,True,90,90,0,2.890343626814965,117.05207689072728,2.890343626814965,117.05207689072728,0.0,False,False,nan,False
110,-0.17103119,0.1514441,0.23818998,-0.30866715,-0.018911608,0.061038442,False,False,2,50,True,91,91,0,2.8992875544293257,119.9513644451566,2.8992875544293257,119.9513644451566,0.0,False,False,nan,False
111,-0.1686184,0.14389831,0.23818994,-0.3353346,-0.015859691,0.061038412,False,False,0,50,True,92,92,0,-1.1611352624670914,118.7902291826895,-1.1611352624670914,118.7902291826895,0.0,False,False,nan,False
112,-0.16601992,0.13727333,0.2559558,-0.29440865,-0.012024707,0.076699734,False,False,2,50,True,93,93,0,2.8290418712448657,121.61927105393437,2.8290418712448657,121.61927105393437,0.0,False,False,nan,False
113,-0.16331176,0.13085805,0.2664471,-0.2850942,-0.007712609,0.08624186,False,False,2,50,True,94,94,0,0.7356165619924269,122.3548876159268,0.7356165619924269,122.3548876159268,0.0,False,False,nan,False
114,-0.16074105,0.12445708,0.25336587,-0.28447196,-0.0040510567,0.073230915,False,False,2,50,True,95,95,0,1.5919128622312442,123.94680047815804,1.5919128622312442,123.94680047815804,0.0,False,False,nan,False
115,-0.15799971,0.11826998,0.26964578,-0.274977,0.0003894132,0.08880921,False,False,2,50,True,96,96,0,0.24102462793803597,124.18782510609607,0.24102462793803597,124.18782510609607,0.0,False,False,nan,False
116,-0.15530463,0.11305448,0.2652217,-0.23181026,0.00461612,0.08453439,False,False,2,50,True,97,97,0,3.0916284250729236,127.279453531169,3.0916284250729236,127.279453531169,0.0,False,False,nan,False
117,-0.15255746,0.10799111,0.27017313,-0.22505897,0.009093851,0.08955482,False,False,2,50,True,98,98,0,-0.16773388439286235,127.11171964677614,-0.16773388439286235,127.11171964677614,0.0,False,False,nan,False
118,-0.1498085,0.10289527,0.2703419,-0.22651786,0.013596104,0.090044826,False,False,2,50,True,99,99,0,-0.3397400149492597,126.77197963182688,-0.3397400149492597,126.77197963182688,0.0,False,False,nan,False
119,-0.14718017,0.09830883,0.25878623,-0.20388387,0.017585628,0.07979063,False,False,2,50,True,100,100,0,2.100318388906392,128.87229802073327,2.100318388906392,128.87229802073327,0.0,False,False,nan,False
120,-0.14470434,0.09389349,0.24422166,-0.19628267,0.020911802,0.06652342,False,False,2,50,True,101,101,0,1.4299588535480197,130.30225687428128,1.4299588535480197,130.30225687428128,0.0,False,False,nan,False
121,-0.14205809,0.08958787,0.26041353,-0.1914235,0.025071157,0.08318682,False,False,2,50,True,102,102,0,-1.248707068051526,129.05354980622977,-1.248707068051526,129.05354980622977,0.0,False,False,nan,False
122,-0.13953361,0.0855378,0.24873483,-0.18006986,0.02873273,0.073231444,False,False,2,50,True,103,103,0,1.3747273515343081,130.4282771577641,1.3747273515343081,130.4282771577641,0.0,False,False,nan,False
123,-0.13706017,0.081966385,0.243781,-0.15880404,0.03225354,0.07041632,False,False,2,50,True,104,104,0,1.3575324752398898,131.78580963300396,1.3575324752398898,131.78580963300396,0.0,False,False,nan,False
124,-0.13458681,0.07779509,0.24378105,-0.18547174,0.035774358,0.07041625,False,False,0,50,True,105,105,0,-1.464634564885074,130.3211750681189,-1.464634564885074,130.3211750681189,0.0,False,False,nan,False
125,-0.13196965,0.074438676,0.25731808,-0.14928533,0.04011443,0.086801484,False,False,2,50,True,106,106,0,0.5424902388787458,130.86366530699763,0.5424902388787458,130.86366530699763,0.0,False,False,nan,False
126,-0.12935248,0.07048252,0.25731817,-0.17595358,0.0444545,0.08680136,False,False,0,50,True,107,107,0,-1.4370149846771554,129.42665032232048,-1.4370149846771554,129.42665032232048,0.0,False,False,nan,False
127,-0.12665062,0.06593686,0.2679673,-0.20209967,0.046655256,0.044014942,False,False,3,50,True,108,108,0,-2.1888943542673887,127.2377559680531,-2.1888943542673887,127.2377559680531,0.0,False,False,nan,False
128,-0.123913765,0.061516725,0.2711856,-0.1965304,0.049120992,0.0493146,False,False,2,50,True,109,109,0,-0.029934727767101765,127.207821240286,-0.029934727767101765,127.207821240286,0.0,False,False,nan,False
129,-0.12135506,0.057717215,0.25401723,-0.1689281,0.050947715,0.03653455,False,False,2,50,True,110,110,0,2.898744527030563,130.10656576731657,2.898744527030563,130.10656576731657,0.0,False,False,nan,False
130,-0.11894417,0.05455521,0.23973069,-0.14058043,0.052285165,0.026748944,False,False,2,50,True,111,111,0,2.6335484190768996,132.74011418639347,2.6335484190768996,132.74011418639347,0.0,False,False,nan,False
131,-0.11652479,0.05230044,0.24030581,-0.10026883,0.053904343,0.032383658,False,False,2,50,True,112,112,0,1.60394329667685,134.34405748307032,1.60394329667685,134.34405748307032,0.0,False,False,nan,False
132,-0.11410532,0.04944571,0.24030583,-0.1269357,0.055523515,0.032383658,False,False,0,50,True,113,113,0,-0.9638809702345128,133.38017651283582,-0.9638809702345128,133.38017651283582,0.0,False,False,nan,False
133,-0.11168585,0.045991026,0.24030586,-0.1536026,0.057142697,0.032383647,False,False,0,50,True,114,114,0,-1.1477430999862364,132.2324334128496,-1.1477430999862364,132.2324334128496,0.0,False,False,nan,False
134,-0.10912494,0.042476546,0.25370118,-0.15629481,0.059510276,0.047351416,False,False,2,50,True,115,115,0,-1.4461100793909936,130.7863233334586,-1.4461100793909936,130.7863233334586,0.0,False,False,nan,False
135,-0.10649176,0.039723884,0.26033083,-0.12246134,0.062460087,0.058996163,False,False,2,50,True,116,116,0,0.7775714646573746,131.56389479811597,0.7775714646573746,131.56389479811597,0.0,False,False,nan,False
136,-0.103858665,0.036371335,0.26033086,-0.14912872,0.065409884,0.058996104,False,False,0,50,True,117,117,0,-1.165680684491761,130.3982141136242,-1.165680684491761,130.3982141136242,0.0,False,False,nan,False
137,-0.10122547,0.032418903,0.26033095,-0.1757961,0.06835967,0.05899605,False,False,0,50,True,118,118,0,-1.3305601639330575,129.06765394969113,-1.3305601639330575,129.06765394969113,0.0,False,False,nan,False
138,-0.09882107,0.028941903,0.23829329,-0.15463063,0.070479594,0.042398527,False,False,2,50,True,119,119,0,2.825878781295093,131.89353273098624,2.825878781295093,131.89353273098624,0.0,False,False,nan,False
139,-0.09630718,0.026302038,0.24842401,-0.11746932,0.07341629,0.058733862,False,False,2,50,True,120,120,0,0.6471323158989051,132.54066504688515,0.6471323158989051,132.54066504688515,0.0,False,False,nan,False
140,-0.093793295,0.023062287,0.24842408,-0.1441367,0.07635298,0.058733813,False,False,0,50,True,121,121,0,-1.2102811164515401,131.3303839304336,-1.2102811164515401,131.3303839304336,0.0,False,False,nan,False
141,-0.09127941,0.019222721,0.24842414,-0.17080407,0.07928969,0.05873378,False,False,0,50,True,122,122,0,-1.3897996719827148,129.94058425845088,-1.3897996719827148,129.94058425845088,0.0,False,False,nan,False
142,-0.08888073,0.016064081,0.23712318,-0.14052913,0.08200715,0.054349177,False,False,2,50,True,123,123,0,2.3083513778723885,132.24893563632327,2.3083513778723885,132.24893563632327,0.0,False,False,nan,False
143,-0.086482145,0.012305698,0.23712325,-0.16719642,0.08472461,0.054349143,False,False,0,50,True,124,124,0,-1.4254298075510121,130.82350582877226,-1.4254298075510121,130.82350582877226,0.0,False,False,nan,False
144,-0.08405781,0.008575962,0.23940113,-0.16593975,0.08772384,0.059984285,False,False,2,50,True,125,125,0,-0.42869846814991347,130.39480736062234,-0.42869846814991347,130.39480736062234,0.0,False,False,nan,False
145,-0.081767656,0.005783496,0.24493217,-0.12327765,0.07188127,-0.31695968,False,True,2,50,True,126,126,0,13.24467274143797,143.6394801020603,13.24467274143797,143.6394801020603,0.0,False,False,0.12327765,True
146,-0.07972269,0.00403795,0.23484714,-0.07656039,0.041386165,-0.6105164,False,True,2,50,True,127,126,1,5.683707024196512,149.3231871262568,5.683707024196512,149.3231871262568,0.0,False,False,nan,True
147,-0.07774124,0.0016766405,0.22600345,-0.104408465,0.013874577,-0.5502324,False,True,1,50,True,128,126,2,2.733344274510587,152.0565314007674,2.733344274510587,152.0565314007674,0.0,False,False,nan,True
148,-0.07589541,-0.0001902485,0.21303988,-0.08295048,-0.014216785,-0.56182736,False,False,2,50,True,129,126,3,-8.114260652499876,143.94227074826753,-8.114260652499876,143.94227074826753,0.0,False,False,nan,True
149,-0.0740592,-0.0019509936,0.19063966,-0.07834294,-0.021113802,-0.1379014,True,False,1,50,True,130,126,4,11.712357310803247,155.65462805907077,11.712357310803247,155.65462805907077,0.0,False,False,nan,True
150,-0.07220135,-0.00364851,0.17112255,-0.075307086,-0.006620966,0.28989717,True,True,1,50,True,131,126,5,13.513357297353222,169.167985356424,13.513357297353222,169.167985356424,0.0,False,False,nan,True
151,-0.07050419,-0.004431143,0.1550255,-0.034918096,0.0073617054,0.27900127,True,True,2,1,True,132,126,6,2.5960211618109073,171.7640065182349,2.5960211618109073,171.7640065182349,0.0,False,False,nan,True
152,-0.069060706,-0.004049876,0.1371581,0.0168905,0.014447545,0.14170901,True,True,2,1,False,132,126,6,1.2093260974382616,172.97333261567317,1.2093260974382616,172.97333261567317,0.0,False,False,nan,True
153,-0.06794405,-0.0026873136,0.11163895,0.06055812,0.014478215,0.00060910743,True,True,2,1,False,132,126,6,0.9339623359175888,173.90729495159076,0.9339623359175888,173.90729495159076,0.0,False,False,nan,True
154,-0.06689234,-0.0010961556,0.11526775,0.07078911,0.0045156823,-0.19924085,True,True,2,1,False,132,126,6,-0.020473429927992004,173.88682152166277,-0.020473429927992004,173.88682152166277,0.0,False,False,nan,True
155,-0.06585388,0.000799129,0.114024125,0.08423751,-0.005522272,-0.20075504,True,True,2,1,False,132,126,6,-0.9460321649744146,172.94078935668836,-0.9460321649744146,172.94078935668836,0.0,False,False,nan,True
156,-0.06492472,0.0028846718,0.102184966,0.09262812,-0.014677543,-0.18310568,True,True,2,1,False,132,126,6,-0.7439108724798829,172.19687848420847,-0.7439108724798829,172.19687848420847,0.0,False,False,nan,True
157,-0.06393413,0.0057993387,0.10812093,0.12942578,-0.023617294,-0.17879513,False,False,2,1,False,132,126,6,-24.187338735372357,148.00953974883612,-24.187338735372357,148.00953974883612,0.0,False,False,nan,True
158,-0.062765695,0.009115372,0.12513971,0.14722571,-0.031813134,-0.16391665,False,False,2,1,False,132,126,6,-3.5001868468456,144.50935290199052,-3.5001868468456,144.50935290199052,0.0,False,False,nan,True
159,-0.06153097,0.013189683,0.13159981,0.18088527,-0.039839685,-0.16053121,False,False,2,1,False,132,126,6,-4.099929813010202,140.40942308898033,-4.099929813010202,140.40942308898033,0.0,False,False,nan,True
160,-0.060203932,0.017320786,0.14047174,0.18337776,-0.04752358,-0.15367779,False,False,2,1,False,132,126,6,-1.770663582284196,138.63875950669615,-1.770663582284196,138.63875950669615,0.0,False,False,nan,True
161,-0.059031583,0.02160016,0.1258491,0.18989417,-0.0560303,-0.1701345,False,False,2,1,False,132,126,6,-0.8533680958690184,137.78539141082712,-0.8533680958690184,137.78539141082712,0.0,False,False,nan,False
162,-0.05798731,0.026094256,0.11376921,0.19936247,-0.06526938,-0.18478176,False,False,2,1,False,132,126,6,-1.4697392281989068,136.3156521826282,-1.4697392281989068,136.3156521826282,0.0,False,False,nan,False
163,-0.05701227,0.030563174,0.107275605,0.19816414,-0.07494392,-0.19349077,False,False,2,1,False,132,126,6,-0.9571498206086233,135.35850236201958,-0.9571498206086233,135.35850236201958,0.0,False,False,nan,False
164,-0.055788614,0.035899483,0.13132134,0.23669823,-0.08381699,-0.17746165,False,False,2,1,False,132,126,6,-5.887552008770771,129.4709503532488,-5.887552008770771,129.4709503532488,0.0,False,False,nan,False
165,-0.054640673,0.04208766,0.12448521,0.27445656,-0.09341484,-0.19195683,False,False,2,1,False,132,126,6,-4.590926311269025,124.88002404197978,-4.590926311269025,124.88002404197978,0.0,False,False,nan,False
166,-0.053576566,0.04918414,0.11691336,0.31471074,-0.10383429,-0.20838909,False,False,2,1,False,132,126,6,-5.153472713044795,119.72655132893499,-5.153472713044795,119.72655132893499,0.0,False,False,nan,False
167,-0.0524683,0.056357797,0.12134011,0.31806752,-0.114268385,-0.20868202,False,False,2,1,False,132,126,6,-2.2407041440502082,117.48584718488478,-2.2407041440502082,117.48584718488478,0.0,False,False,nan,False
168,-0.051293753,0.063846886,0.12797114,0.33200744,-0.12472226,-0.20907743,False,False,2,1,False,132,126,6,-3.374223528024909,114.11162365685986,-3.374223528024909,114.11162365685986,0.0,False,False,nan,False
169,-0.04999733,0.07208534,0.14010166,0.36524773,-0.1351384,-0.20832336,False,False,2,1,False,132,126,6,-5.462333977754279,108.64928967910558,-5.462333977754279,108.64928967910558,0.0,False,False,nan,False
170,-0.048674297,0.08072856,0.14304778,0.38313264,-0.1458516,-0.21426383,False,False,2,1,False,132,126,6,-3.8023325047482954,104.84695717435729,-3.8023325047482954,104.84695717435729,0.0,False,False,nan,False
171,-0.04735384,0.09022358,0.14343594,0.42084426,-0.15722896,-0.22754756,False,False,2,1,False,132,126,6,-5.765599856002669,99.08135731835462,-5.765599856002669,99.08135731835462,0.0,False,False,nan,False
172,-0.045982264,0.100489005,0.14896064,0.45494854,-0.16903648,-0.23615035,False,False,2,1,False,132,126,6,-5.751979347322393,93.32937797103223,-5.751979347322393,93.32937797103223,0.0,False,False,nan,False
173,-0.044572067,0.111153185,0.1531391,0.4725386,-0.18118761,-0.24302292,False,False,2,1,False,132,126,6,-4.241746491857543,89.08763147917469,-4.241746491857543,89.08763147917469,0.0,False,False,nan,False
174,-0.043037415,0.122290574,0.16559835,0.49346668,-0.19337119,-0.2436715,False,False,2,1,False,132,126,6,-4.88471392281119,84.2029175563635,-4.88471392281119,84.2029175563635,0.0,False,False,nan,False
175,-0.04155159,0.13386984,0.1615152,0.51288956,-0.20639385,-0.26045337,False,False,2,1,False,132,126,6,-4.3758845233282555,79.82703303303525,-4.3758845233282555,79.82703303303525,0.0,False,False,nan,False
176,-0.040037632,0.1461412,0.16496393,0.54344475,-0.22010745,-0.27427185,False,False,2,1,False,132,126,6,-5.828054244014186,73.99897878902107,-5.828054244014186,73.99897878902107,0.0,False,False,nan,False
177,-0.038256265,0.15921278,0.19142255,0.57892287,-0.23356047,-0.26906055,False,False,2,1,False,132,126,6,-7.0489666521806695,66.9500121368404,-7.0489666521806695,66.9500121368404,0.0,False,False,nan,False
178,-0.036304284,0.17271303,0.20840442,0.5978574,-0.24698298,-0.26845002,False,False,2,1,False,132,126,6,-5.255576533213772,61.69443560362663,-5.255576533213772,61.69443560362663,0.0,False,False,nan,False
179,-0.03439007,0.18643485,0.20535819,0.6074545,-0.2611936,-0.28421226,False,False,2,1,False,132,126,6,-3.839138251551108,57.855297352075524,-3.839138251551108,57.855297352075524,0.0,False,False,nan,False
180,-0.032306768,0.20029022,0.22204332,0.61328536,-0.2752354,-0.28083614,False,False,2,1,False,132,126,6,-4.135697241433323,53.719600110642205,-4.135697241433323,53.719600110642205,0.0,False,False,nan,False
181,-0.030058766,0.21448739,0.23852094,0.62834233,-0.28933546,-0.28200096,False,False,2,1,False,132,126,6,-5.065144801974927,48.65445530866728,-5.065144801974927,48.65445530866728,0.0,False,False,nan,False
182,-0.027717685,0.22945061,0.24854073,0.6620955,-0.3042253,-0.29779708,False,False,2,1,False,132,126,6,-6.754201509712348,41.900253798954935,-6.754201509712348,41.900253798954935,0.0,False,False,nan,False
183,-0.025369931,0.2447508,0.24995044,0.676755,-0.31995046,-0.31450388,False,False,2,1,False,132,126,6,-4.789859898630172,37.110393900324766,-4.789859898630172,37.110393900324766,0.0,False,False,nan,False
184,-0.022929478,0.26018995,0.2594331,0.68270165,-0.33598632,-0.32071692,False,False,2,1,False,132,126,6,-4.306769388721636,32.80362451160313,-4.306769388721636,32.80362451160313,0.0,False,False,nan,False
185,-0.020261,0.27577853,0.28192073,0.68923306,-0.35179147,-0.31610304,False,False,2,1,False,132,126,6,-4.845712271963566,27.957912239639565,-4.845712271963566,27.957912239639565,0.0,False,False,nan,False
186,-0.017089654,0.29212347,0.33144456,0.72286963,-0.36685959,-0.30136314,False,False,2,1,False,132,126,6,-8.474052303550526,19.48385993608904,-8.474052303550526,19.48385993608904,0.0,False,False,nan,False
187,-0.013780499,0.3085232,0.3452526,0.72512835,-0.3820587,-0.30398333,False,False,2,1,False,132,126,6,-4.229918416001158,15.253941520087881,-4.229918416001158,15.253941520087881,0.0,False,False,nan,False
188,-0.010120106,0.32537156,0.38001567,0.7450018,-0.39695963,-0.29801926,False,False,2,1,False,132,126,6,-6.779858889748328,8.474082630339552,-6.779858889748328,8.474082630339552,0.0,False,False,nan,False
189,-0.006224537,0.3421604,0.4031055,0.7423137,-0.41150483,-0.29090402,False,False,2,1,False,132,126,6,-4.261157597350194,4.212925032989358,-4.261157597350194,4.212925032989358,0.0,False,False,nan,False
190,-0.0021740913,0.35884446,0.41846848,0.737537,-0.42600554,-0.29001486,False,False,2,1,False,132,126,6,-3.7415329323080924,0.4713921006812658,-3.7415329323080924,0.4713921006812658,0.0,False,False,nan,False
191,0.0021450997,0.37563437,0.4450458,0.74217683,-0.44027638,-0.28541657,False,False,2,1,False,132,126,6,-5.146197220796142,-4.674805120114876,-5.146197220796142,-4.674805120114876,0.0,False,False,nan,False
192,0.007040024,0.39309177,0.5018623,0.7719386,-0.45381016,-0.2706756,False,False,2,1,False,132,126,6,-8.939862466662039,-13.614667586776914,-8.939862466662039,-13.614667586776914,0.0,False,False,nan,False
193,0.012417984,0.41095856,0.54949325,0.7902187,-0.46670628,-0.25792247,False,False,2,1,False,132,126,6,-7.564210866396695,-21.17887845317361,-7.564210866396695,-21.17887845317361,0.0,False,False,nan,False
194,0.018133068,0.42876893,0.5825696,0.78780925,-0.47896746,-0.24522364,False,False,2,1,False,132,126,6,-5.058804536090224,-26.237682989263835,-5.058804536090224,-26.237682989263835,0.0,False,False,nan,False
195,0.024074078,0.447055,0.60562,0.8086696,-0.4918313,-0.25727668,False,False,2,1,False,132,126,6,-6.491073926137335,-32.72875691540117,-6.491073926137335,-32.72875691540117,0.0,False,False,nan,False
196,0.030258846,0.46555382,0.6300935,0.81795913,-0.504886,-0.26109347,False,False,2,1,False,132,126,6,-5.708921138318533,-38.4376780537197,-5.708921138318533,-38.4376780537197,0.0,False,False,nan,False
197,0.036763094,0.48422542,0.6618421,0.82558477,-0.5178025,-0.25833032,False,False,2,1,False,132,126,6,-6.061371014495779,-44.49904906821548,-6.061371014495779,-44.49904906821548,0.0,False,False,nan,False
198,0.043655682,0.5031827,0.70040286,0.8382575,-0.530514,-0.25423005,False,False,2,1,False,132,126,6,-6.939714914993789,-51.43876398320926,-6.939714914993789,-51.43876398320926,0.0,False,False,nan,False
199,0.05101509,0.5225728,0.7467903,0.8574831,-0.5429783,-0.24928626,False,False,2,1,False,132,126,6,-8.018293973354947,-59.45705795656421,-8.018293973354947,-59.45705795656421,0.0,False,False,nan,False
200,0.058901213,0.5422123,0.7987624,0.86873585,-0.554715,-0.23473425,False,False,2,1,False,132,126,6,-7.81291101628442,-67.26996897284863,-7.81291101628442,-67.26996897284863,0.0,False,False,nan,False
201,0.06725893,0.56258965,0.8461089,0.901335,-0.5667739,-0.24117883,False,False,2,1,True,133,126,7,-9.236202273700957,-76.50617124654958,-9.236202273700957,-76.50617124654958,0.0,False,False,nan,False
202,0.07556896,0.58242553,0.83983946,0.87781125,-0.57713556,-0.20723358,False,False,1,1,False,133,126,7,-0.9986209558799704,-77.50479220242956,-0.9986209558799704,-77.50479220242956,0.0,False,False,nan,False
203,0.08381748,0.60172397,0.8318942,0.8546253,-0.58544636,-0.16621566,False,False,1,1,False,133,126,7,-0.6635338663854202,-78.16832606881498,-0.6635338663854202,-78.16832606881498,0.0,False,False,nan,False
204,0.09199724,0.62048393,0.82312185,0.83148086,-0.59155816,-0.12223563,False,False,1,1,False,133,126,7,-0.3483133034504806,-78.51663937226546,-0.3483133034504806,-78.51663937226546,0.0,False,False,nan,False
205,0.100128934,0.6387052,0.8168195,0.80819756,-0.5959094,-0.08702481,False,False,1,1,False,133,126,7,-0.29714503523496094,-78.81378440750042,-0.29714503523496094,-78.81378440750042,0.0,False,False,nan,False
206,0.108202554,0.6563855,0.80937016,0.7848766,-0.598317,-0.048152477,False,False,1,1,False,133,126,7,0.019544551042941977,-78.79423985645748,0.019544551042941977,-78.79423985645748,0.0,False,False,nan,False
207,0.11621265,0.6735179,0.80137193,0.7612749,-0.5987499,-0.008656534,False,False,1,1,False,133,126,7,0.31547492335687477,-78.4787649331006,0.31547492335687477,-78.4787649331006,0.0,False,False,nan,False
208,0.124157235,0.6901109,0.7930428,0.7381132,-0.5970593,0.033811692,False,False,1,1,False,133,126,7,0.5604964363036811,-77.91826849679693,0.5604964363036811,-77.91826849679693,0.0,False,False,nan,False
209,0.13205329,0.70615613,0.7867874,0.71439266,-0.5937073,0.06703971,False,False,1,1,False,133,126,7,0.6504365036864794,-77.26783199311045,0.6504365036864794,-77.26783199311045,0.0,False,False,nan,False
210,0.1398981,0.7216504,0.78026223,0.6905241,-0.58868134,0.10052006,False,False,1,1,False,133,126,7,0.8828819697048129,-76.38495002340564,0.8828819697048129,-76.38495002340564,0.0,False,False,nan,False
211,0.14766045,0.7366204,0.76973754,0.6682031,-0.5809916,0.1537941,False,False,1,1,False,133,126,7,1.3828646642629974,-75.00208535914264,1.3828646642629974,-75.00208535914264,0.0,False,False,nan,False
212,0.15534563,0.7510633,0.7598623,0.64566296,-0.57079375,0.20395799,False,False,1,1,False,133,126,7,1.6389461441120556,-73.36313921503059,1.6389461441120556,-73.36313921503059,0.0,False,False,nan,False
213,0.16295843,0.76498574,0.7504263,0.62336606,-0.5581139,0.25359744,False,False,1,1,False,133,126,7,1.8758041225576403,-71.48733509247295,1.8758041225576403,-71.48733509247295,0.0,False,False,nan,False
214,0.17051354,0.77837163,0.7428711,0.60011035,-0.543468,0.29291692,False,False,1,1,False,133,126,7,2.024862033968391,-69.46247305850456,2.024862033968391,-69.46247305850456,0.0,False,False,nan,False
215,0.17799635,0.79121447,0.7336129,0.576609,-0.5266172,0.33701497,False,False,1,1,False,133,126,7,2.4278217452088895,-67.03465131329567,2.4278217452088895,-67.03465131329567,0.0,False,False,nan,False
216,0.18541965,0.8035246,0.7257097,0.55343306,-0.507735,0.3776434,False,False,1,1,False,133,126,7,2.5368314084615533,-64.49781990483412,2.5368314084615533,-64.49781990483412,0.0,False,False,nan,False
217,0.19275808,0.8153066,0.7147053,0.53059363,-0.4862242,0.43021616,False,False,1,1,False,133,126,7,3.0594286257701255,-61.43839127906399,3.0594286257701255,-61.43839127906399,0.0,False,False,nan,False
218,0.2000392,0.82654566,0.70705926,0.5067448,-0.4628619,0.46724644,False,False,1,1,False,133,126,7,3.067029461402059,-58.371361817661935,3.067029461402059,-58.371361817661935,0.0,False,False,nan,False
219,0.20724049,0.8372632,0.6965168,0.48397043,-0.43695354,0.5181672,False,False,1,1,False,133,126,7,3.5231592921423114,-54.848202525519625,3.5231592921423114,-54.848202525519625,0.0,False,False,nan,False
220,0.21437912,0.8474404,0.6881299,0.46006948,-0.409081,0.5574507,False,False,1,1,False,133,126,7,3.6359404585818154,-51.21226206693781,3.6359404585818154,-51.21226206693781,0.0,False,False,nan,False
221,0.22145995,0.8570545,0.6805036,0.4349696,-0.37957212,0.5901776,False,False,1,1,False,133,126,7,3.8259625076613886,-47.386299559276424,3.8259625076613886,-47.386299559276424,0.0,False,False,nan,False
222,0.22846022,0.8661411,0.66978526,0.41155967,-0.3476137,0.6391688,False,False,1,1,False,133,126,7,4.261324485974826,-43.1249750733016,4.261324485974826,-43.1249750733016,0.0,False,False,nan,False
223,0.23540393,0.8746747,0.6621868,0.38668564,-0.31399438,0.67238575,False,False,1,1,False,133,126,7,4.258859956653311,-38.86611511664829,4.258859956653311,-38.86611511664829,0.0,False,False,nan,False
224,0.24226484,0.8826641,0.65127075,0.36221263,-0.278041,0.7190677,False,False,1,1,False,133,126,7,4.774772589522656,-34.09134252712563,4.774772589522656,-34.09134252712563,0.0,False,False,nan,False
225,0.2490448,0.89010215,0.6406303,0.33723184,-0.23986544,0.7635115,False,False,1,1,False,133,126,7,5.014613780679299,-29.076728746446335,5.014613780679299,-29.076728746446335,0.0,False,False,nan,False
226,0.2557562,0.89699405,0.6315049,0.31226444,-0.19976439,0.80202115,False,False,1,1,False,133,126,7,5.082327554424382,-23.994401192021954,5.082327554424382,-23.994401192021954,0.0,False,False,nan,False
227,0.26241302,0.90333694,0.6241784,0.28697518,-0.158125,0.8327878,False,False,1,1,False,133,126,7,5.090506888629961,-18.903894303391994,5.090506888629961,-18.903894303391994,0.0,False,False,nan,False
228,0.2690053,0.9091257,0.61571175,0.2613291,-0.11475448,0.8674105,False,False,1,1,False,133,126,7,5.377449683262996,-13.526444620128999,5.377449683262996,-13.526444620128999,0.0,False,False,nan,False
229,0.27553797,0.91435593,0.6079484,0.23531368,-0.06981644,0.898761,False,False,1,1,False,133,126,7,5.473212970271249,-8.05323164985775,5.473212970271249,-8.05323164985775,0.0,False,False,nan,False
230,0.28197718,0.9190244,0.5960451,0.20904283,-0.022496434,0.9464003,False,False,1,1,False,133,126,7,6.09406417328404,-1.9591674765737102,6.09406417328404,-1.9591674765737102,0.0,False,False,nan,False
231,0.28833875,0.92312753,0.5862402,0.1823772,0.026778398,0.9854971,False,False,1,1,False,133,126,7,0.7303152373841055,-1.2288522391896046,0.7303152373841055,-1.2288522391896046,0.0,False,False,nan,False
232,0.29460746,0.9266564,0.5746793,0.15510651,0.07836363,1.0317045,False,False,1,1,False,133,126,7,-3.842470736103506,-5.071322975293111,-3.842470736103506,-5.071322975293111,0.0,False,False,nan,False
233,0.30079564,0.92962134,0.56485915,0.12808095,0.13190748,1.0708773,False,False,1,1,False,133,126,7,-4.251219022401243,-9.322541997694355,-4.251219022401243,-9.322541997694355,0.0,False,False,nan,False
234,0.3068816,0.9320157,0.5525483,0.10051148,0.18792507,1.1203523,False,False,1,1,False,133,126,7,-4.289976479377571,-13.612518477071927,-4.289976479377571,-13.612518477071927,0.0,False,False,nan,False
235,0.31287852,0.93383104,0.5421166,0.07234259,0.24608286,1.1631565,False,False,1,1,False,133,126,7,-4.737737885497153,-18.35025636256908,-4.737737885497153,-18.35025636256908,0.0,False,False,nan,False
236,0.31879768,0.935062,0.5333799,0.043786068,0.30609033,1.2001498,False,False,1,1,False,133,126,7,-5.162091052458236,-23.512347415027318,-5.162091052458236,-23.512347415027318,0.0,False,False,nan,False
237,0.3246356,0.9356961,0.5244623,0.014462189,0.36807895,1.2397735,False,False,1,1,False,133,126,7,-5.427449712738933,-28.93979712776625,-5.427449712738933,-28.93979712776625,0.0,False,False,nan,False
238,0.3303686,0.93573546,0.5130459,-0.015090108,0.4325646,1.2897141,False,False,1,1,False,133,126,7,-5.532279813199096,-34.472076940965344,-5.532279813199096,-34.472076940965344,0.0,False,False,nan,False
239,0.33601817,0.9351886,0.5048102,-0.044286273,0.49891546,1.3270187,False,False,1,1,False,133,126,7,-6.15125995541885,-40.623336896384195,-6.15125995541885,-40.623336896384195,0.0,False,False,nan,False
240,0.34156197,0.93402886,0.49410787,-0.07507393,0.5678566,1.3788245,False,False,1,1,False,133,126,7,-6.306972382774716,-46.93030927915891,-6.306972382774716,-46.93030927915891,0.0,False,False,nan,False
241,0.34701902,0.9322526,0.48623592,-0.10604513,0.63896024,1.4220743,False,False,1,1,False,133,126,7,-6.951296532658119,-53.88160581181703,-6.951296532658119,-53.88160581181703,0.0,False,False,nan,False
242,0.35240212,0.92986953,0.4805537,-0.13651003,0.7117874,1.4565455,False,False,1,1,False,133,126,7,-7.469021411639289,-61.35062722345632,-7.469021411639289,-61.35062722345632,0.0,False,False,nan,False
243,0.35770035,0.9268706,0.47411355,-0.16755654,0.78662205,1.4966956,False,False,1,1,False,133,126,7,-7.7510285759026365,-69.10165579935895,-7.7510285759026365,-69.10165579935895,0.0,False,False,nan,False
244,0.36291677,0.9232647,0.46878058,-0.19809763,0.863193,1.5314213,False,False,1,1,False,133,126,7,-8.14717554411416,-77.24883134347311,-8.14717554411416,-77.24883134347311,0.0,False,False,nan,False
245,0.3680418,0.919023,0.4627576,-0.23018128,0.9420452,1.5770476,False,False,1,1,False,133,126,7,-8.502553293318895,-85.75138463679201,-8.502553293318895,-85.75138463679201,0.0,False,False,nan,False
246,0.3730649,0.9141282,0.45620918,-0.2632081,1.0235492,1.6300838,False,False,1,1,False,133,126,7,-8.899728277566906,-94.65111291435892,-8.899728277566906,-94.65111291435892,0.0,False,False,nan,False
247,0.37798816,0.9085811,0.45082283,-0.29604727,1.1075385,1.6797879,False,False,1,1,False,133,126,7,-9.36811102671649,-104.01922394107541,-9.36811102671649,-104.01922394107541,0.0,False,False,nan,False
248,0.3828171,0.90236163,0.44673,-0.3297466,1.1941996,1.7332252,False,False,1,1,False,133,126,7,-9.900790214496821,-113.92001415557223,-9.900790214496821,-113.92001415557223,0.0,False,False,nan,False
249,0.38754302,0.89545184,0.4426054,-0.36422876,1.2838343,1.7927005,False,False,1,1,False,133,126,7,-10.340014148914035,-124.26002830448627,-10.340014148914035,-124.26002830448627,0.0,False,False,nan,False
250,0.392179,0.887864,0.44090027,-0.39753518,1.3758931,1.8411815,False,False,1,1,False,133,126,7,-10.77161468891998,-135.03164299340625,-10.77161468891998,-135.03164299340625,0.0,False,False,nan,False
251,0.39672488,0.8796021,0.44006664,-0.43005845,1.4700752,1.883647,False,False,1,1,True,134,126,8,-11.044671868504308,-146.07631486191056,-11.044671868504308,-146.07631486191056,0.0,False,False,nan,False
252,0.40120268,0.8708582,0.44222674,-0.45042408,1.5617734,1.8339689,False,False,3,1,False,134,126,8,-10.181329083858968,-156.25764394576953,-10.181329083858968,-156.25764394576953,0.0,False,False,nan,False
253,0.4056123,0.8616164,0.44375,-0.4710541,1.651127,1.7870766,False,False,3,1,False,134,126,8,-9.906351840859058,-166.1639957866286,-9.906351840859058,-166.1639957866286,0.0,False,False,nan,False
254,0.40994015,0.851871,0.443245,-0.4914118,1.7380451,1.7383668,False,False,3,1,False,134,126,8,-9.490558687879654,-175.65455447450825,-9.490558687879654,-175.65455447450825,0.0,False,False,nan,False
255,0.41419935,0.84162253,0.44329315,-0.5112413,1.822375,1.6866038,False,False,3,1,False,134,126,8,-9.21651403975491,-184.87106851426316,-9.21651403975491,-184.87106851426316,0.0,False,False,nan,False
256,0.41837817,0.8308615,0.44140306,-0.5311911,1.9041183,1.6348698,False,False,3,1,False,134,126,8,-8.82588416631077,-193.69695268057393,-8.82588416631077,-193.69695268057393,0.0,False,False,nan,False
257,0.42247838,0.8195695,0.43903407,-0.55190605,1.983553,1.5886989,False,False,3,1,False,134,126,8,-8.611368784217943,-202.30832146479187,-8.611368784217943,-202.30832146479187,0.0,False,False,nan,False
258,0.42650262,0.8077469,0.43615547,-0.5723473,2.0605788,1.5405182,False,False,3,1,False,134,126,8,-8.30662536028464,-210.61494682507652,-8.30662536028464,-210.61494682507652,0.0,False,False,nan,False
259,0.43045205,0.79539156,0.43269062,-0.59275854,2.1351736,1.4919019,False,False,3,1,False,134,126,8,-8.015097318022042,-218.63004414309856,-8.015097318022042,-218.63004414309856,0.0,False,False,nan,False
260,0.4343236,0.7824782,0.42845535,-0.6144551,2.207713,1.4507902,False,False,3,1,False,134,126,8,-7.857877936689731,-226.4879220797883,-7.857877936689731,-226.4879220797883,0.0,False,False,nan,False
261,0.4381094,0.7690248,0.4224778,-0.6350158,2.2776732,1.3992133,False,False,3,1,False,134,126,8,-7.40179810031256,-233.88972018010085,-7.40179810031256,-233.88972018010085,0.0,False,False,nan,False
262,0.44181424,0.7550038,0.41669387,-0.6570969,2.345554,1.3576181,False,False,3,1,False,134,126,8,-7.325814937265846,-241.2155351173667,-7.325814937265846,-241.2155351173667,0.0,False,False,nan,False
263,0.44544896,0.7404167,0.4115706,-0.6791939,2.411474,1.318403,False,False,3,1,False,134,126,8,-7.161148864482043,-248.37668398184874,-7.161148864482043,-248.37668398184874,0.0,False,False,nan,False
264,0.448991,0.7252879,0.40304717,-0.69993,2.47462,1.2629254,False,False,3,1,False,134,126,8,-6.589566281395348,-254.9662502632441,-6.589566281395348,-254.9662502632441,0.0,False,False,nan,False
265,0.45245713,0.70957404,0.39641386,-0.72310394,2.5358999,1.2255954,False,False,3,1,False,134,126,8,-6.707200787999198,-261.67345105124326,-6.707200787999198,-261.67345105124326,0.0,False,False,nan,False
266,0.4558317,0.693307,0.3871646,-0.74467164,2.5945537,1.1730798,False,False,3,1,False,134,126,8,-6.180258558911844,-267.8537096101551,-6.180258558911844,-267.8537096101551,0.0,False,False,nan,False
267,0.45912036,0.6764531,0.37851617,-0.76808906,2.6510847,1.1306236,False,False,3,1,False,134,126,8,-6.163005190685765,-274.0167148008408,-6.163005190685765,-274.0167148008408,0.0,False,False,nan,False
268,0.4623452,0.65901047,0.37215433,-0.7918842,2.7059755,1.0978153,False,False,3,1,False,134,126,8,-6.1348343486265255,-280.1515491494673,-6.1348343486265255,-280.1515491494673,0.0,False,False,nan,False
269,0.4654711,0.64098734,0.3611827,-0.8152039,2.7583358,1.0472071,False,False,3,1,False,134,126,8,-5.646615459259777,-285.79816460872706,-5.646615459259777,-285.79816460872706,0.0,False,False,nan,False
270,0.4685255,0.62236935,0.35338187,-0.8395172,2.80891,1.0114822,False,False,3,1,False,134,126,8,-5.694689276615946,-291.492853885343,-5.694689276615946,-291.492853885343,0.0,False,False,nan,False
271,0.47151214,0.6031589,0.34577736,-0.86389357,2.857757,0.9769429,False,False,3,1,False,134,126,8,-5.53852588489488,-297.03137977023783,-5.53852588489488,-297.03137977023783,0.0,False,False,nan,False
272,0.47441226,0.5833489,0.3356926,-0.88864434,2.904458,0.9340215,False,False,3,1,False,134,126,8,-5.273195026893602,-302.3045747971314,-5.273195026893602,-302.3045747971314,0.0,False,False,nan,False
273,0.47724208,0.56294626,0.3274116,-0.9133129,2.9493651,0.89813966,False,False,3,1,False,134,126,8,-5.160775203004078,-307.46535000013546,-5.160775203004078,-307.46535000013546,0.0,False,False,nan,False
274,0.4799989,0.5419475,0.3186328,-0.938286,2.9924195,0.8610896,False,False,3,1,False,134,126,8,-4.997570547916239,-312.46292054805167,-4.997570547916239,-312.46292054805167,0.0,False,False,nan,False
275,0.4826746,0.5203332,0.30882853,-0.96425265,3.0334888,0.82138765,False,False,3,1,False,134,126,8,-4.873944885162387,-317.33686543321403,-4.873944885162387,-317.33686543321403,0.0,False,False,nan,False
276,0.48525706,0.49810934,0.29733688,-0.9901005,3.072233,0.7748829,False,False,3,1,False,134,126,8,-4.599775416474841,-321.93664084968884,-4.599775416474841,-321.93664084968884,0.0,False,False,nan,False
277,0.48777333,0.47528374,0.2891319,-1.0157906,3.1093085,0.741512,False,False,3,1,False,134,126,8,-4.536727666985057,-326.4733685166739,-4.536727666985057,-326.4733685166739,0.0,False,False,nan,False
278,0.49020997,0.45183608,0.27919725,-1.0425124,3.1443927,0.70168626,False,False,3,1,False,134,126,8,-4.413541025563489,-330.88690954223733,-4.413541025563489,-330.88690954223733,0.0,False,False,nan,False
279,0.49257612,0.42777324,0.2703529,-1.0690637,3.1777027,0.66620094,False,False,3,1,False,134,126,8,-4.279404289222639,-335.16631383145995,-4.279404289222639,-335.16631383145995,0.0,False,False,nan,False
280,0.49486417,0.40309575,0.26052302,-1.0957177,3.2090428,0.62680113,False,False,3,1,False,134,126,8,-4.104940290614336,-339.27125412207425,-4.104940290614336,-339.27125412207425,0.0,False,False,nan,False
281,0.49708015,0.37778816,0.25138125,-1.123179,3.2385333,0.58981144,False,False,3,1,False,134,126,8,-4.058237728793272,-343.3294918508675,-4.058237728793272,-343.3294918508675,0.0,False,False,nan,False
282,0.49921685,0.3518703,0.24133441,-1.1498828,3.2660177,0.5496901,False,False,3,1,False,134,126,8,-3.8165470150620124,-347.1460388659295,-3.8165470150620124,-347.1460388659295,0.0,False,False,nan,False
283,0.50129414,0.325324,0.2337763,-1.1774564,3.2919557,0.5187595,False,False,3,1,False,134,126,8,-3.858521517784338,-351.0045603837138,-3.858521517784338,-351.0045603837138,0.0,False,False,nan,False
284,0.50330323,0.2981616,0.22508784,-1.2045983,3.3161447,0.48378214,False,False,3,1,False,134,126,8,-3.6883279197375303,-354.6928883034513,-3.6883279197375303,-354.6928883034513,0.0,False,False,nan,False
285,0.50523454,0.2703666,0.21518977,-1.2325895,3.3382933,0.44297275,False,False,3,1,False,134,126,8,-3.6269865385981164,-358.3198748420494,-3.6269865385981164,-358.3198748420494,0.0,False,False,nan,False
286,0.50707024,0.24194299,0.20308022,-1.2605617,3.3579664,0.3934603,False,False,3,1,False,134,126,8,-3.4361942845794418,-361.7560691266288,-3.4361942845794418,-361.7560691266288,0.0,False,False,nan,False
287,0.50881845,0.21288522,0.19196597,-1.2888488,3.3753335,0.34734064,False,False,3,1,False,134,126,8,-3.3642927959716915,-365.12036192260047,-3.3642927959716915,-365.12036192260047,0.0,False,False,nan,False
288,0.5104893,0.18319295,0.18215056,-1.3171962,3.3906407,0.3061447,False,False,3,1,False,134,126,8,-3.307805761155491,-368.42816768375593,-3.307805761155491,-368.42816768375593,0.0,False,False,nan,False
289,0.5120904,0.15287262,0.17330994,-1.3452762,3.4041004,0.26919162,False,False,3,1,False,134,126,8,-3.2480041255417107,-371.6761718092976,-3.2480041255417107,-371.6761718092976,0.0,False,False,nan,False
290,0.5136224,0.12192965,0.16457418,-1.373162,3.415751,0.23301215,False,False,3,1,False,134,126,8,-3.202049128345861,-374.87822093764345,-3.202049128345861,-374.87822093764345,0.0,False,False,nan,False
291,0.5184665,0.10291644,0.7279738,-0.2729863,3.3586516,-2.5080404,False,False,3,1,False,134,126,8,-100,-474.87822093764345,-100,-474.87822093764345,0.0,True,False,nan,False
