step,x,y,vx,vy,angle,angular_velocity,left_leg_contact,right_leg_contact,navigation_action,current_fps,fresh_observation,n_fresh_observations,n_fresh_observations_before_touchdown,n_fresh_observations_after_touchdown,instant_nav_reward,cumulative_nav_reward,instant_adaptive_reward,cumulative_adaptive_reward,instant_frame_penalty,terminated,truncated,vy_at_touchdown,success
1,0.0018409729,1.3930072,0.09309847,-0.41088516,-0.0021034786,-0.020873338,False,False,0,10,True,2,2,0,-1.6733096901506883,-1.6733096901506883,-1.6733096901506883,-1.6733096901506883,0.0,False,False,nan,False
2,0.002761364,1.3831617,0.093101814,-0.43758008,-0.0031463162,-0.020858895,False,False,0,10,False,2,2,0,-1.7273468790026527,-3.400656569153341,-1.7273468790026527,-3.400656569153341,0.0,False,False,nan,False
3,0.0036818504,1.3727161,0.093104884,-0.46425265,-0.0041890186,-0.020855995,False,False,0,10,False,2,2,0,-1.6721048615069662,-5.072761430660307,-1.6721048615069662,-5.072761430660307,0.0,False,False,nan,False
4,0.004602337,1.3616704,0.09310797,-0.49092162,-0.005231556,-0.020852733,False,False,0,10,False,2,2,0,-1.617608549738577,-6.690369980398884,-1.617608549738577,-6.690369980398884,0.0,False,False,nan,False
5,0.005522919,1.3500247,0.09311105,-0.51758987,-0.006273914,-0.020849418,False,False,0,10,False,2,2,0,-1.5625406862664306,-8.252910666665315,-1.5625406862664306,-8.252910666665315,0.0,False,False,nan,False
6,0.0064435005,1.3377792,0.09311413,-0.5442583,-0.0073161754,-0.020847179,False,False,0,10,True,3,3,0,-1.5068716822050021,-9.759782348870317,-1.5068716822050021,-9.759782348870317,0.0,False,False,nan,False
7,0.007297039,1.324924,0.084703974,-0.5713336,-0.0066727307,0.012870262,False,False,1,10,False,3,3,0,-1.2218332935857166,-10.981615642456033,-1.2218332935857166,-10.981615642456033,0.0,False,False,nan,False
8,0.008056546,1.3114817,0.07291078,-0.59741783,-0.0036648633,0.060162913,False,False,1,10,False,3,3,0,-0.8126672521978822,-11.794282894653914,-0.8126672521978822,-11.794282894653914,0.0,False,False,nan,False
9,0.008731174,1.2974458,0.062265374,-0.62382126,0.001474415,0.10279487,False,False,1,10,False,3,3,0,-0.9148628527909455,-12.70914574744486,-0.9148628527909455,-12.70914574744486,0.0,False,False,nan,False
10,0.009325981,1.2828004,0.052263457,-0.65093,0.008614582,0.14281636,False,False,1,10,False,3,3,0,-1.8903116313955752,-14.599457378840434,-1.8903116313955752,-14.599457378840434,0.0,False,False,nan,False
11,0.009852791,1.2675434,0.04372594,-0.6781624,0.017462043,0.17696537,False,False,1,10,True,4,4,0,-2.0440743038300284,-16.643531682670464,-2.0440743038300284,-16.643531682670464,0.0,False,False,nan,False
12,0.01043911,1.2517004,0.051216066,-0.70423543,0.02479761,0.1467247,False,False,3,10,False,4,4,0,-1.8322528863282617,-18.475784568998726,-1.8322528863282617,-18.475784568998726,0.0,False,False,nan,False
13,0.011116791,1.2352494,0.06267421,-0.7312523,0.029836377,0.10078462,False,False,3,10,False,4,4,0,-1.6732085618419308,-20.14899313084066,-1.6732085618419308,-20.14899313084066,0.0,False,False,nan,False
14,0.011879253,1.2181909,0.073297806,-0.7582131,0.032747395,0.058225684,False,False,3,10,False,4,4,0,-1.3975060434740374,-21.546499174314697,-1.3975060434740374,-21.546499174314697,0.0,False,False,nan,False
15,0.012705135,1.2005332,0.08125576,-0.78481406,0.034062017,0.026294723,False,False,3,10,False,4,4,0,-1.122761060364353,-22.66926023467905,-1.122761060364353,-22.66926023467905,0.0,False,False,nan,False
16,0.013606834,1.1822796,0.09078027,-0.81125885,0.033465553,-0.01193049,False,False,3,10,True,5,5,0,-0.8773929023678579,-23.54665313704691,-0.8773929023678579,-23.54665313704691,0.0,False,False,nan,False
17,0.014438057,1.1634197,0.0819231,-0.83824456,0.03464786,0.02364821,False,False,1,10,False,5,5,0,-0.854982270254111,-24.401635407301022,-0.854982270254111,-24.401635407301022,0.0,False,False,nan,False
18,0.015184021,1.1439543,0.07124229,-0.86521107,0.0379708,0.06646453,False,False,1,10,False,5,5,0,-1.006959343492183,-25.408594750793206,-1.006959343492183,-25.408594750793206,0.0,False,False,nan,False
19,0.015840054,1.1238792,0.059967987,-0.89238,0.043555215,0.11169849,False,False,1,10,False,5,5,0,-1.20736923620987,-26.615963987003077,-1.20736923620987,-26.615963987003077,0.0,False,False,nan,False
20,0.01641674,1.1031885,0.0500005,-0.91982573,0.051142905,0.1517672,False,False,1,10,False,5,5,0,-1.3998632351100742,-28.015827222113153,-1.3998632351100742,-28.015827222113153,0.0,False,False,nan,False
21,0.016924476,1.0819039,0.04136177,-0.9463266,0.060449757,0.1861539,False,False,1,10,True,6,6,0,-1.4378894552323505,-29.453716677345504,-1.4378894552323505,-29.453716677345504,0.0,False,False,nan,False
22,0.017398644,1.0606961,0.038055025,-0.94297683,0.069727995,0.18558124,False,False,2,10,False,6,6,0,1.2405078649415031,-28.213208812404,1.2405078649415031,-28.213208812404,0.0,False,False,nan,False
23,0.017637443,1.0402645,0.015317263,-0.9084801,0.07821309,0.1697172,False,False,2,10,False,6,6,0,4.407478776186378,-23.805730036217625,4.407478776186378,-23.805730036217625,0.0,False,False,nan,False
24,0.017852401,1.0201769,0.012817438,-0.89326215,0.08681647,0.17208283,False,False,2,10,False,6,6,0,2.373274575548277,-21.43245546066935,2.373274575548277,-21.43245546066935,0.0,False,False,nan,False
25,0.018149376,1.0001458,0.020464629,-0.89083415,0.095973596,0.18314251,False,False,2,10,False,6,6,0,1.0150337716529065,-20.417421689016443,1.0150337716529065,-20.417421689016443,0.0,False,False,nan,False
26,0.01844101,0.9801375,0.019773155,-0.8898851,0.10529001,0.18632802,False,False,2,5,True,7,7,0,0.8647471464971772,-19.552674542519267,0.8647471464971772,-19.552674542519267,0.0,False,False,nan,False
27,0.018571282,0.9605547,0.004048904,-0.8710099,0.114196055,0.17812094,False,False,2,5,False,7,7,0,2.675624474404157,-16.87705006811511,2.675624474404157,-16.87705006811511,0.0,False,False,nan,False
28,0.018505383,0.94118917,-0.014924531,-0.861353,0.12248871,0.16585329,False,False,2,5,False,7,7,0,1.7607530277676744,-15.116297040347437,1.7607530277676744,-15.116297040347437,0.0,False,False,nan,False
29,0.018425751,0.9224563,-0.016712561,-0.8333053,0.13118203,0.17386682,False,False,2,5,False,7,7,0,3.5046813737913682,-11.61161566655607,3.5046813737913682,-11.61161566655607,0.0,False,False,nan,False
30,0.018091679,0.90453017,-0.04153596,-0.79745907,0.13927639,0.16188772,False,False,2,5,False,7,7,0,4.17677099942419,-7.4348446671318795,4.17677099942419,-7.4348446671318795,0.0,False,False,nan,False
31,0.017804433,0.8871088,-0.03754998,-0.7751309,0.14805761,0.1756249,False,False,2,5,False,7,7,0,2.814254490978226,-4.620590176153653,2.814254490978226,-4.620590176153653,0.0,False,False,nan,False
32,0.017429542,0.8699114,-0.046262685,-0.76522696,0.15681344,0.17511687,False,False,2,5,False,7,7,0,1.486149843288598,-3.134440332865055,1.486149843288598,-3.134440332865055,0.0,False,False,nan,False
33,0.016910743,0.8533713,-0.0605866,-0.73605734,0.16551758,0.17408298,False,False,2,5,False,7,7,0,3.292036002645273,0.15759566978021766,3.292036002645273,0.15759566978021766,0.0,False,False,nan,False
34,0.016469002,0.8369243,-0.05357179,-0.7320541,0.17492542,0.18815711,False,False,2,5,False,7,7,0,0.8579635052197545,1.0155591749999722,0.8579635052197545,1.0155591749999722,0.0,False,False,nan,False
35,0.016039848,0.82116824,-0.05304437,-0.7014946,0.18508361,0.20316389,False,False,2,5,False,7,7,0,3.3117739152959134,4.327333090295886,3.3117739152959134,4.327333090295886,0.0,False,False,nan,False
36,0.015442371,0.80627435,-0.0699101,-0.6632579,0.1953069,0.20446575,False,False,2,5,True,8,8,0,3.8244500347624184,8.151783125058305,3.8244500347624184,8.151783125058305,0.0,False,False,nan,False
37,0.014909362,0.7908122,-0.06175805,-0.6883447,0.20381239,0.1701099,False,False,3,5,False,8,8,0,-1.7513502886800711,6.400432836378234,-1.7513502886800711,6.400432836378234,0.0,False,False,nan,False
38,0.014457894,0.77477187,-0.051493615,-0.71379155,0.21021144,0.12798145,False,False,3,5,False,8,8,0,-1.5189994586004036,4.88143337777783,-1.5189994586004036,4.88143337777783,0.0,False,False,nan,False
39,0.014068794,0.7581442,-0.043670688,-0.73969465,0.2150182,0.09613522,False,False,3,5,False,8,8,0,-1.381085395174664,3.5003479826031656,-1.381085395174664,3.5003479826031656,0.0,False,False,nan,False
40,0.0137581825,0.74094075,-0.033798613,-0.7649993,0.21778364,0.0553088,False,False,3,5,False,8,8,0,-1.0622031821784776,2.4381448004246877,-1.0622031821784776,2.4381448004246877,0.0,False,False,nan,False
41,0.013511467,0.7231543,-0.02577496,-0.79067117,0.21889904,0.022307802,False,False,3,5,False,8,8,0,-0.8973111550949671,1.5408336453297207,-0.8973111550949671,1.5408336453297207,0.0,False,False,nan,False
42,0.013346004,0.704803,-0.015503785,-0.81546265,0.21785256,-0.020929921,False,False,3,5,False,8,8,0,-0.5421164089591162,0.9987172363706045,-0.5421164089591162,0.9987172363706045,0.0,False,False,nan,False
43,0.013267135,0.6858725,-0.004652593,-0.8408815,0.21458256,-0.06540001,False,False,3,5,False,8,8,0,-0.3385846974368565,0.660132538933748,-0.3385846974368565,0.660132538933748,0.0,False,False,nan,False
44,0.013271046,0.666363,0.005738909,-0.86631525,0.20918015,-0.10804846,False,False,3,5,False,8,8,0,-0.08318272980036909,0.5769498091333789,-0.08318272980036909,0.5769498091333789,0.0,False,False,nan,False
45,0.013367462,0.64629525,0.0174419,-0.89081776,0.20131508,-0.15730147,False,False,3,5,False,8,8,0,0.2972541610503481,0.874203970183727,0.2972541610503481,0.874203970183727,0.0,False,False,nan,False
46,0.013523674,0.62563634,0.024941709,-0.9169341,0.19193695,-0.18756266,False,False,3,5,True,9,9,0,0.34443448771369956,1.2186384578974265,0.34443448771369956,1.2186384578974265,0.0,False,False,nan,False
47,0.013372421,0.6057697,-0.0052160006,-0.8817195,0.18198174,-0.1991044,False,False,2,5,False,9,9,0,6.23587176426845,7.454510222165876,6.23587176426845,7.454510222165876,0.0,False,False,nan,False
48,0.012972546,0.5868237,-0.02978672,-0.84082216,0.17174423,-0.20475037,False,False,2,5,False,9,9,0,6.657306032041345,14.11181625420722,6.657306032041345,14.11181625420722,0.0,False,False,nan,False
49,0.012354183,0.5679212,-0.0509489,-0.8388916,0.16085078,-0.21786909,False,False,2,5,False,9,9,0,2.7717222058389384,16.883538460046157,2.7717222058389384,16.883538460046157,0.0,False,False,nan,False
50,0.011581516,0.5498263,-0.06635759,-0.80307305,0.14994796,-0.21805617,False,False,2,5,False,9,9,0,6.063750268403948,22.947288728450104,6.063750268403948,22.947288728450104,0.0,False,False,nan,False
51,0.010741329,0.5323577,-0.073350236,-0.77534413,0.13930143,-0.21293063,False,False,2,5,False,9,9,0,5.2132680527378,28.160556781187903,5.2132680527378,28.160556781187903,0.0,False,False,nan,False
52,0.009693241,0.51505065,-0.09349283,-0.76818484,0.12802893,-0.22544989,False,False,2,5,False,9,9,0,3.054944327598787,31.21550110878669,3.054944327598787,31.21550110878669,0.0,False,False,nan,False
53,0.008749294,0.49787235,-0.08382364,-0.7626087,0.11752174,-0.21014392,False,False,2,5,False,9,9,0,3.135137690183609,34.3506387989703,3.135137690183609,34.3506387989703,0.0,False,False,nan,False
54,0.0075436593,0.4814446,-0.10926954,-0.7292731,0.10630057,-0.22442338,False,False,2,5,False,9,9,0,5.445465440236728,39.79610423920703,5.445465440236728,39.79610423920703,0.0,False,False,nan,False
55,0.006102276,0.4653303,-0.13203819,-0.715369,0.094294265,-0.24012609,False,False,2,5,False,9,9,0,3.5101153854320843,43.30621962463912,3.5101153854320843,43.30621962463912,0.0,False,False,nan,False
56,0.004439163,0.4501093,-0.153602,-0.6757347,0.08170088,-0.25186762,False,False,2,50,True,10,10,0,5.931224308966319,49.23744393360544,5.931224308966319,49.23744393360544,0.0,False,False,nan,False
57,0.002906227,0.43492866,-0.14134642,-0.6740865,0.06986872,-0.23664312,False,False,2,50,True,11,11,0,2.8251283128307536,52.0625722464362,2.8251283128307536,52.0625722464362,0.0,False,False,nan,False
58,0.0012508392,0.42000884,-0.1531847,-0.6625671,0.057657752,-0.24421939,False,False,2,50,True,12,12,0,3.284028034022737,55.34660028045894,3.284028034022737,55.34660028045894,0.0,False,False,nan,False
59,-0.0003253937,0.40607065,-0.14593434,-0.6190664,0.046092737,-0.23130044,False,False,2,50,True,13,13,0,6.651490242819176,61.998090523278115,6.651490242819176,61.998090523278115,0.0,False,False,nan,False
60,-0.0019744872,0.39228,-0.15297167,-0.61259,0.034297965,-0.23589547,False,False,2,50,True,14,14,0,2.7214491152530345,64.71953963853115,2.7214491152530345,64.71953963853115,0.0,False,False,nan,False
61,-0.0036739348,0.3789338,-0.15787423,-0.5929357,0.022381326,-0.23833275,False,False,2,50,True,15,15,0,4.005724894344323,68.72526453287547,4.005724894344323,68.72526453287547,0.0,False,False,nan,False
62,-0.0053925514,0.36619115,-0.15978688,-0.5661993,0.010459182,-0.23844266,False,False,2,50,True,16,16,0,4.692229097220886,73.41749363009636,4.692229097220886,73.41749363009636,0.0,False,False,nan,False
63,-0.007078743,0.35395718,-0.15672897,-0.5436906,-0.0012768386,-0.23472059,False,False,2,50,True,17,17,0,4.086944890864896,77.50443852096126,4.086944890864896,77.50443852096126,0.0,False,False,nan,False
64,-0.008743477,0.34248185,-0.15468295,-0.5100641,-0.012918856,-0.23284051,False,False,2,50,True,18,18,0,2.9619374998276387,80.4663760207889,2.9619374998276387,80.4663760207889,0.0,False,False,nan,False
65,-0.010449028,0.3317774,-0.15851079,-0.47589886,-0.02480352,-0.2376931,False,False,2,50,True,19,19,0,2.716706258451535,83.18308227924044,2.716706258451535,83.18308227924044,0.0,False,False,nan,False
66,-0.012207031,0.32183814,-0.16342372,-0.4419922,-0.037035592,-0.24464123,False,False,2,50,True,20,20,0,2.5006011242845263,85.68368340352497,2.5006011242845263,85.68368340352497,0.0,False,False,nan,False
67,-0.013970661,0.31271783,-0.16379428,-0.40570396,-0.04945496,-0.2483873,False,False,2,50,True,21,21,0,2.7336942120832903,88.41737761560826,2.7336942120832903,88.41737761560826,0.0,False,False,nan,False
68,-0.015819263,0.30353516,-0.17181407,-0.40859997,-0.062348373,-0.2578683,False,False,2,50,True,22,22,0,-1.2544084281395442,87.16296918746872,-1.2544084281395442,87.16296918746872,0.0,False,False,nan,False
69,-0.017712498,0.2948109,-0.17587814,-0.38835722,-0.0756511,-0.26605457,False,False,2,50,True,23,23,0,0.9229067803709341,88.08587596783966,0.9229067803709341,88.08587596783966,0.0,False,False,nan,False
70,-0.019550323,0.2868443,-0.17029978,-0.35480973,-0.08901483,-0.26727453,False,False,2,50,True,24,24,0,2.423254454153974,90.50913042199363,2.423254454153974,90.50913042199363,0.0,False,False,nan,False
71,-0.021478748,0.27830145,-0.18168287,-0.38038212,-0.10007081,-0.22111976,False,False,1,50,True,25,25,0,-3.095595889428934,87.4135345325647,-3.095595889428934,87.4135345325647,0.0,False,False,nan,False
72,-0.023344804,0.27018523,-0.17543332,-0.3615095,-0.11115598,-0.22170325,False,False,2,50,True,26,26,0,1.35675760799067,88.77029214055537,1.35675760799067,88.77029214055537,0.0,False,False,nan,False
73,-0.025060464,0.2626351,-0.16071722,-0.33640307,-0.12194919,-0.21586415,False,False,2,50,True,27,27,0,2.257583115577302,91.02787525613267,2.257583115577302,91.02787525613267,0.0,False,False,nan,False
74,-0.026865292,0.2545103,-0.17191903,-0.3618225,-0.13045812,-0.17017867,False,False,1,50,True,28,28,0,-2.867123630570559,88.16075162556211,-2.867123630570559,88.16075162556211,0.0,False,False,nan,False
75,-0.028491402,0.2465468,-0.15458354,-0.35465935,-0.13845313,-0.15990017,False,False,2,50,True,29,29,0,1.0446712416571386,89.20542286721926,1.0446712416571386,89.20542286721926,0.0,False,False,nan,False
76,-0.029993152,0.238526,-0.14249793,-0.35721043,-0.14610942,-0.15312576,False,False,2,50,True,30,30,0,-0.057301513570354234,89.1481213536489,-0.057301513570354234,89.1481213536489,0.0,False,False,nan,False
77,-0.03126669,0.23047759,-0.120475724,-0.35839957,-0.15297826,-0.13737689,False,False,2,50,True,31,31,0,0.44241845238196903,89.59053980603088,0.44241845238196903,89.59053980603088,0.0,False,False,nan,False
78,-0.03235674,0.2225449,-0.10263252,-0.3532323,-0.15934429,-0.12732069,False,False,2,50,True,32,32,0,0.8604255668820258,90.4509653729129,0.8604255668820258,90.4509653729129,0.0,False,False,nan,False
79,-0.033516217,0.21402842,-0.11136411,-0.37900963,-0.16393049,-0.09172375,False,False,1,50,True,33,33,0,-2.382984424872204,88.0679809480407,-2.382984424872204,88.0679809480407,0.0,False,False,nan,False
80,-0.034744073,0.20577122,-0.11745349,-0.36758342,-0.1692606,-0.106602356,False,False,2,50,True,34,34,0,0.876246938156666,88.94422788619737,0.876246938156666,88.94422788619737,0.0,False,False,nan,False
81,-0.035978697,0.19765578,-0.1177297,-0.36134985,-0.17500725,-0.114933215,False,False,2,50,True,35,35,0,0.48811742900495575,89.43234531520233,0.48811742900495575,89.43234531520233,0.0,False,False,nan,False
82,-0.036977388,0.19033507,-0.0944588,-0.32600912,-0.18042754,-0.10840561,False,False,2,50,True,36,36,0,3.9216636426330043,93.35400895783533,3.9216636426330043,93.35400895783533,0.0,False,False,nan,False
83,-0.038044073,0.18243243,-0.103012025,-0.3516758,-0.18409486,-0.07334681,False,False,1,50,True,37,37,0,-2.346527875509834,91.0074810823255,-2.346527875509834,91.0074810823255,0.0,False,False,nan,False
84,-0.03903208,0.17547026,-0.09464734,-0.30995253,-0.18827425,-0.083587475,False,False,2,50,True,38,38,0,4.178967039926559,95.18644812225206,4.178967039926559,95.18644812225206,0.0,False,False,nan,False
85,-0.040087033,0.16792296,-0.10303639,-0.33575073,-0.19074191,-0.049353216,False,False,1,50,True,39,39,0,-2.277397956300787,92.90905016595127,-2.277397956300787,92.90905016595127,0.0,False,False,nan,False
86,-0.041166306,0.16046856,-0.10495812,-0.33169156,-0.1937251,-0.059663553,False,False,2,50,True,40,40,0,0.4297124005844893,93.33876256653576,0.4297124005844893,93.33876256653576,0.0,False,False,nan,False
87,-0.041969966,0.15327866,-0.07813001,-0.3198439,-0.19597028,-0.044903792,False,False,2,50,True,41,41,0,2.01520782310065,95.35397038963642,2.01520782310065,95.35397038963642,0.0,False,False,nan,False
88,-0.042846967,0.14551249,-0.087375715,-0.34520817,-0.19630346,-0.006663604,False,False,1,50,True,42,42,0,-2.024809800506431,93.32916058912998,-2.024809800506431,93.32916058912998,0.0,False,False,nan,False
89,-0.043649197,0.13812512,-0.079643905,-0.32840496,-0.19688569,-0.0116442265,False,False,2,50,True,43,43,0,2.141940069016653,95.47110065814664,2.141940069016653,95.47110065814664,0.0,False,False,nan,False
90,-0.044283293,0.13062567,-0.06329798,-0.33332592,-0.19699955,-0.0022771421,False,False,2,50,True,44,44,0,0.2457944516118971,95.71689510975854,0.2457944516118971,95.71689510975854,0.0,False,False,nan,False
91,-0.044966508,0.12337304,-0.06747894,-0.32245007,-0.19784716,-0.016952267,False,False,2,50,True,45,45,0,1.2615710504342246,96.97846616019277,1.2615710504342246,96.97846616019277,0.0,False,False,nan,False
92,-0.045380402,0.11622699,-0.041335102,-0.3176088,-0.1979015,-0.0010867857,False,False,2,50,True,46,46,0,1.2633455934079734,98.24181175360074,1.2633455934079734,98.24181175360074,0.0,False,False,nan,False
93,-0.045857716,0.108503446,-0.04933693,-0.34305474,-0.1962939,0.0321522,False,False,1,50,True,47,47,0,-1.8013395593530237,96.44047219424772,-1.8013395593530237,96.44047219424772,0.0,False,False,nan,False
94,-0.04603243,0.101530276,-0.019629803,-0.30963606,-0.19412515,0.043375336,False,False,2,50,True,48,48,0,4.181338013829465,100.62181020807718,4.181338013829465,100.62181020807718,0.0,False,False,nan,False
95,-0.046300698,0.09399456,-0.031431906,-0.3343243,-0.18949285,0.09264587,False,False,1,50,True,49,49,0,-1.4509923217216343,99.17081788635555,-1.4509923217216343,99.17081788635555,0.0,False,False,nan,False
96,-0.046580695,0.08673871,-0.03204421,-0.32197082,-0.18542461,0.08136468,False,False,2,50,True,50,50,0,1.9629901148434186,101.13380800119897,1.9629901148434186,101.13380800119897,0.0,False,False,nan,False
97,-0.04674711,0.07981726,-0.020681197,-0.30712107,-0.18137144,0.08106358,False,False,2,50,True,51,51,0,2.275384467406309,103.40919246860528,2.275384467406309,103.40919246860528,0.0,False,False,nan,False
98,-0.0467288,0.07310601,-0.0025912358,-0.29774296,-0.17692792,0.088870145,False,False,2,50,True,52,52,0,1.72405244576493,105.13324491437021,1.72405244576493,105.13324491437021,0.0,False,False,nan,False
99,-0.04678564,0.066478595,-0.0093993535,-0.29411265,-0.17319773,0.074603945,False,False,2,50,True,53,53,0,0.969463371575334,106.10270828594554,0.969463371575334,106.10270828594554,0.0,False,False,nan,False
100,-0.04662571,0.06071993,0.012065333,-0.25548503,-0.16926032,0.078748025,False,False,2,50,True,54,54,0,4.416560678851558,110.51926896479709,4.416560678851558,110.51926896479709,0.0,False,False,nan,False
101,-0.046529867,0.054379117,0.0039918637,-0.2811903,-0.16366799,0.11184689,False,False,1,50,True,55,55,0,-1.516920771314658,109.00234819348243,-1.516920771314658,109.00234819348243,0.0,False,False,nan,False
102,-0.046247102,0.048416745,0.022313317,-0.26435012,-0.15771429,0.11907387,False,False,2,50,True,56,56,0,2.3496116852926123,111.35195987877505,2.3496116852926123,111.35195987877505,0.0,False,False,nan,False
103,-0.046038818,0.042619523,0.015584743,-0.25710836,-0.15247065,0.10487293,False,False,2,50,True,57,57,0,1.4171042054647998,112.76906408423984,1.4171042054647998,112.76906408423984,0.0,False,False,nan,False
104,-0.045767497,0.037342582,0.022119474,-0.23402491,-0.14746341,0.10014464,False,False,2,50,True,58,58,0,2.8188219455217594,115.5878860297616,2.8188219455217594,115.5878860297616,0.0,False,False,nan,False
105,-0.04525728,0.03236812,0.04531847,-0.22053447,-0.14177196,0.11382939,False,False,2,50,True,59,59,0,1.6044634005987006,117.19234943036031,1.6044634005987006,117.19234943036031,0.0,False,False,nan,False
106,-0.044493675,0.028085742,0.07004408,-0.18974,-0.13548346,0.12576967,False,False,2,50,True,60,60,0,2.9199733985148173,120.11232282887512,2.9199733985148173,120.11232282887512,0.0,False,False,nan,False
107,-0.043779563,0.024053846,0.06567586,-0.17868696,-0.12977578,0.114153825,False,False,2,50,True,61,61,0,1.7253470196640535,121.83766984853918,1.7253470196640535,121.83766984853918,0.0,False,False,nan,False
108,-0.042803477,0.020351825,0.09103837,-0.16397667,-0.123237275,0.13077009,False,False,2,50,True,62,62,0,0.8916039033974215,122.7292737519366,0.8916039033974215,122.7292737519366,0.0,False,False,nan,False
109,-0.041694738,0.017108425,0.10408946,-0.14360482,-0.116490975,0.13492614,False,False,2,50,True,63,63,0,1.6265982870097033,124.3558720389463,1.6265982870097033,124.3558720389463,0.0,False,False,nan,False
110,-0.04043417,0.014714108,0.11908515,-0.105886,-0.109566435,0.13849083,False,False,2,50,True,64,64,0,2.3973525380836422,126.75322457702994,2.3973525380836422,126.75322457702994,0.0,False,False,nan,False
111,-0.03924513,0.012827621,0.11263386,-0.08339725,-0.103344224,0.12444441,False,False,2,50,True,65,65,0,2.416615936928296,129.16984051395823,2.416615936928296,129.16984051395823,0.0,False,False,nan,False
112,-0.03807516,0.010993848,0.11101717,-0.08109925,-0.09741748,0.11853506,False,False,2,50,True,66,66,0,0.7248428745631308,129.89468338852137,0.7248428745631308,129.89468338852137,0.0,False,False,nan,False
113,-0.036951065,0.009921716,0.10333963,-0.047082838,-0.08842853,0.17977893,True,False,2,50,True,67,67,0,13.128379637278815,143.02306302580018,13.128379637278815,143.02306302580018,0.0,False,False,0.047082838,True
114,-0.035808373,0.008396433,0.10146471,-0.06708234,-0.075735554,0.25385946,True,False,0,50,True,68,67,1,0.6098050416327467,143.63286806743292,0.6098050416327467,143.63286806743292,0.0,False,False,nan,True
115,-0.03474207,0.0078021623,0.09452166,-0.025840543,-0.06375249,0.23966114,True,False,2,50,True,69,67,2,3.3800341623150922,147.01290222974802,3.3800341623150922,147.01290222974802,0.0,False,False,nan,True
116,-0.03367567,0.006609831,0.09452038,-0.052519213,-0.05176955,0.23965879,False,False,0,50,True,70,67,3,-9.686899577601427,137.3260026521466,-9.686899577601427,137.3260026521466,0.0,False,False,nan,True
117,-0.032534886,0.0048082448,0.10385288,-0.07975071,-0.041664235,0.20210624,False,False,3,50,True,71,67,4,-1.157465267340881,136.16853738480572,-1.157465267340881,136.16853738480572,0.0,False,False,nan,True
118,-0.03127537,0.0027225232,0.109019876,-0.09231338,-0.024952587,0.33423302,True,False,3,50,True,72,67,5,10.599407155801012,146.76794454060672,10.599407155801012,146.76794454060672,0.0,False,False,nan,True
119,-0.030125331,0.0009254432,0.09866136,-0.07967838,-0.008814981,0.32275212,True,False,2,1,True,73,67,6,3.0427482579915734,149.8106927985983,3.0427482579915734,149.8106927985983,0.0,False,False,nan,True
120,-0.028948402,-0.00013649702,0.10126346,-0.04718373,0.0074108965,0.3245176,False,False,2,1,False,73,67,6,-8.5304053690516,141.2802874295467,-8.5304053690516,141.2802874295467,0.0,False,False,nan,True
121,-0.027940273,5.302429e-06,0.09968308,0.006297388,0.008516728,0.022117091,False,True,2,1,False,73,67,6,10.873739455674931,152.1540268852216,10.873739455674931,152.1540268852216,0.0,False,False,nan,True
122,-0.027053546,0.0006014681,0.08809162,0.026494505,0.00908932,0.011451998,False,True,2,1,False,73,67,6,0.5199620089752581,152.67398889419687,0.5199620089752581,152.67398889419687,0.0,False,False,nan,True
123,-0.026025772,0.0013936854,0.10151889,0.035201337,0.010337027,0.024954136,False,True,2,1,False,73,67,6,-1.8709591851570224,150.80302970903983,-1.8709591851570224,150.80302970903983,0.0,False,False,nan,True
124,-0.024996947,0.00302783,0.10156324,0.07261907,0.01163534,0.025966406,False,False,2,1,False,73,67,6,-12.082062456034429,138.7209672530054,-12.082062456034429,138.7209672530054,0.0,False,False,nan,True
125,-0.023806954,0.0047906134,0.11690153,0.078327075,0.013705477,0.041402705,False,False,2,1,False,73,67,6,-2.0036626265899633,136.71730462641543,-2.0036626265899633,136.71730462641543,0.0,False,False,nan,True
126,-0.02263012,0.0072660064,0.11559774,0.109995745,0.015770786,0.041305806,False,False,2,1,False,73,67,6,-2.340060424725997,134.37724420168942,-2.340060424725997,134.37724420168942,0.0,False,False,nan,True
127,-0.021508407,0.010327659,0.11027108,0.1360548,0.017638322,0.037351064,False,False,2,1,False,73,67,6,-2.0521415507853495,132.32510265090409,-2.0521415507853495,132.32510265090409,0.0,False,False,nan,True
128,-0.020471096,0.014182315,0.10216218,0.1712967,0.019192155,0.031076571,False,False,2,1,False,73,67,6,-2.9916426682472013,129.33345998265688,-2.9916426682472013,129.33345998265688,0.0,False,False,nan,False
129,-0.01928339,0.01850296,0.11643374,0.19199805,0.021504747,0.04625189,False,False,2,1,False,73,67,6,-3.222909241314439,126.11055074134244,-3.222909241314439,126.11055074134244,0.0,False,False,nan,False
130,-0.01800394,0.02345911,0.12508455,0.22023116,0.024323158,0.056368142,False,False,2,1,False,73,67,6,-3.7395440131172633,122.37100672822517,-3.7395440131172633,122.37100672822517,0.0,False,False,nan,False
131,-0.016711999,0.028830824,0.12621073,0.23869227,0.027276268,0.059062134,False,False,2,1,False,73,67,6,-2.643737086373174,119.72726964185199,-2.643737086373174,119.72726964185199,0.0,False,False,nan,False
132,-0.015595436,0.034792766,0.109388016,0.26492986,0.029518522,0.044845305,False,False,2,1,False,73,67,6,-2.6664722825805383,117.06079735927145,-2.6664722825805383,117.06079735927145,0.0,False,False,nan,False
133,-0.0144844055,0.04103988,0.10877474,0.27760267,0.031815685,0.04594344,False,False,2,1,False,73,67,6,-2.221845989996562,114.83895136927488,-2.221845989996562,114.83895136927488,0.0,False,False,nan,False
134,-0.013285446,0.048044596,0.1170301,0.31125683,0.034653142,0.05674888,False,False,2,1,False,73,67,6,-4.654219558969966,110.18473181030491,-4.654219558969966,110.18473181030491,0.0,False,False,nan,False
135,-0.012057876,0.05516611,0.119671024,0.31643766,0.03769909,0.06091877,False,False,2,1,False,73,67,6,-1.844626907386821,108.34010490291809,-1.844626907386821,108.34010490291809,0.0,False,False,nan,False
136,-0.010684585,0.063068755,0.13340086,0.3511233,0.041579366,0.07760563,False,False,2,1,False,73,67,6,-5.167939733962863,103.17216516895522,-5.167939733962863,103.17216516895522,0.0,False,False,nan,False
137,-0.009354782,0.071857676,0.12906921,0.39050287,0.04544974,0.07740736,False,False,2,1,False,73,67,6,-5.103650068203794,98.06851510075143,-5.103650068203794,98.06851510075143,0.0,False,False,nan,False
138,-0.0079135895,0.08144382,0.13948914,0.42590436,0.050030723,0.091619454,False,False,2,1,False,73,67,6,-5.382905823990828,92.6856092767606,-5.382905823990828,92.6856092767606,0.0,False,False,nan,False
139,-0.006532478,0.091286026,0.13361634,0.4372765,0.054465644,0.08869849,False,False,2,1,False,73,67,6,-2.6197387150006035,90.06587056176,-2.6197387150006035,90.06587056176,0.0,False,False,nan,False
140,-0.0052726744,0.10190886,0.12182529,0.47196755,0.0585726,0.08213903,False,False,2,1,False,73,67,6,-4.783433498591822,85.28243706316817,-4.783433498591822,85.28243706316817,0.0,False,False,nan,False
141,-0.0041724206,0.11276458,0.10647193,0.4823336,0.062093735,0.070422485,False,False,2,1,False,73,67,6,-2.3826094691813777,82.8998275939868,-2.3826094691813777,82.8998275939868,0.0,False,False,nan,False
142,-0.0030656816,0.124471456,0.10679738,0.5201417,0.06592207,0.07656671,False,False,2,1,False,73,67,6,-5.554300839992282,77.34552675399452,-5.554300839992282,77.34552675399452,0.0,False,False,nan,False
143,-0.0020252229,0.1371136,0.10017687,0.5616992,0.06975722,0.076703034,False,False,2,1,False,73,67,6,-5.902436284945185,71.44309046904934,-5.902436284945185,71.44309046904934,0.0,False,False,nan,False
144,-0.0011613846,0.15025593,0.0830953,0.5839471,0.07301381,0.06513162,False,False,2,1,False,73,67,6,-3.8655754104836317,67.57751505856571,-3.8655754104836317,67.57751505856571,0.0,False,False,nan,False
145,-0.00038118364,0.16348888,0.0749607,0.5879782,0.07603978,0.060519565,False,False,2,1,False,73,67,6,-2.216242453851595,65.36127260471412,-2.216242453851595,65.36127260471412,0.0,False,False,nan,False
146,0.00034503936,0.17740181,0.06951279,0.618191,0.0791169,0.06154229,False,False,2,1,False,73,67,6,-4.933965196063926,60.427307408650194,-4.933965196063926,60.427307408650194,0.0,False,False,nan,False
147,0.001014328,0.19145794,0.063906565,0.624556,0.08211296,0.059921015,False,False,2,1,False,73,67,6,-2.5784680994001574,57.84883930925004,-2.5784680994001574,57.84883930925004,0.0,False,False,nan,False
148,0.0017700195,0.20567852,0.07194247,0.6318218,0.08570036,0.07174809,False,False,2,1,False,73,67,6,-2.890032362852554,54.95880694639749,-2.890032362852554,54.95880694639749,0.0,False,False,nan,False
149,0.0025962829,0.22050227,0.07836088,0.6585833,0.08993119,0.08461635,False,False,2,1,False,73,67,6,-4.938646182033966,50.020160764363524,-4.938646182033966,50.020160764363524,0.0,False,False,nan,False
150,0.0032904625,0.23599006,0.06539948,0.6881,0.093903035,0.07943708,False,False,2,1,False,73,67,6,-5.043946900164161,44.976213864199366,-5.043946900164161,44.976213864199366,0.0,False,False,nan,False
151,0.0040860176,0.25215814,0.074714355,0.71826774,0.09871306,0.096200526,False,False,2,1,False,73,67,6,-5.49305656088207,39.4831573033173,-5.49305656088207,39.4831573033173,0.0,False,False,nan,False
152,0.004758072,0.2689271,0.06256248,0.74497586,0.10331933,0.092125334,False,False,2,1,False,73,67,6,-4.983921755548326,34.499235547768976,-4.983921755548326,34.499235547768976,0.0,False,False,nan,False
153,0.005405903,0.28635773,0.059856873,0.7743464,0.1082159,0.09793111,False,False,2,1,False,73,67,6,-5.439436143401951,29.059799404367023,-5.439436143401951,29.059799404367023,0.0,False,False,nan,False
154,0.0060651777,0.30417547,0.06061837,0.79150474,0.11349386,0.105559215,False,False,2,1,False,73,67,6,-4.327130968296433,24.73266843607059,-4.327130968296433,24.73266843607059,0.0,False,False,nan,False
155,0.006531334,0.32288876,0.04166276,0.8313183,0.11840613,0.09824546,False,False,2,1,False,73,67,6,-6.517024932550558,18.21564350352003,-6.517024932550558,18.21564350352003,0.0,False,False,nan,False
156,0.006853962,0.34228694,0.02751542,0.86175627,0.12312794,0.09443598,False,False,2,1,False,73,67,6,-5.695627267738121,12.52001623578191,-5.695627267738121,12.52001623578191,0.0,False,False,nan,False
157,0.007218075,0.36233628,0.03100211,0.8906258,0.12851433,0.10772834,False,False,2,1,False,73,67,6,-5.74087596603083,6.779140269751079,-5.74087596603083,6.779140269751079,0.0,False,False,nan,False
158,0.007423115,0.38248158,0.015549406,0.8949124,0.1334459,0.09863143,False,False,2,1,False,73,67,6,-3.1959326413909137,3.5832076283601655,-3.1959326413909137,3.5832076283601655,0.0,False,False,nan,False
159,0.0075603486,0.40277603,0.008786977,0.9015254,0.13837467,0.09857516,False,False,2,1,False,73,67,6,-3.474285494007847,0.10892213435231834,-3.474285494007847,0.10892213435231834,0.0,False,False,nan,False
160,0.0077634812,0.42357424,0.014594285,0.92382115,0.1440743,0.11399247,False,False,2,1,False,73,67,6,-5.186624238425384,-5.077702104073065,-5.186624238425384,-5.077702104073065,0.0,False,False,nan,False
161,0.007987785,0.44461614,0.01625322,0.93458563,0.1502449,0.12341195,False,False,2,1,False,73,67,6,-4.100365101213941,-9.178067205287007,-4.100365101213941,-9.178067205287007,0.0,False,False,nan,False
162,0.00831089,0.46567056,0.02539351,0.935041,0.15714963,0.13809438,False,False,2,1,False,73,67,6,-3.162032261534807,-12.340099466821815,-3.162032261534807,-12.340099466821815,0.0,False,False,nan,False
163,0.008621407,0.48771188,0.023439942,0.978787,0.16476306,0.15226908,False,False,2,1,False,73,67,6,-7.633866794052625,-19.97396626087444,-7.633866794052625,-19.97396626087444,0.0,False,False,nan,False
164,0.008825874,0.5104798,0.012655413,1.0110266,0.17256369,0.15601285,False,False,2,1,False,73,67,6,-6.560683888681342,-26.534650149555784,-6.560683888681342,-26.534650149555784,0.0,False,False,nan,False
165,0.008978081,0.5336526,0.0071411254,1.0289462,0.1806581,0.1618884,False,False,2,1,False,73,67,6,-5.21315426058685,-31.747804410142635,-5.21315426058685,-31.747804410142635,0.0,False,False,nan,False
166,0.008969593,0.5573365,-0.008791899,1.0516301,0.18863754,0.1595886,False,False,2,1,False,73,67,6,-5.735593851636383,-37.483398261779016,-5.735593851636383,-37.483398261779016,0.0,False,False,nan,False
167,0.0088299755,0.58109665,-0.021699425,1.0550015,0.1964118,0.15548545,False,False,2,1,False,73,67,6,-3.8087076867387735,-41.292105948517786,-3.8087076867387735,-41.292105948517786,0.0,False,False,nan,False
168,0.008634949,0.6050492,-0.027434478,1.0634799,0.20441246,0.16001323,False,False,2,1,False,73,67,6,-4.35568301813463,-45.64778896665241,-4.35568301813463,-45.64778896665241,0.0,False,False,nan,False
169,0.008113384,0.6294245,-0.059265263,1.0823476,0.21157357,0.14322238,False,False,2,1,True,74,67,7,-5.466235816434295,-51.114024783086705,-5.466235816434295,-51.114024783086705,0.0,False,False,nan,False
170,0.0076756477,0.65322036,-0.04872749,1.0568763,0.21657659,0.10006032,False,False,3,1,False,74,67,7,-0.3121705491460023,-51.42619533223271,-0.3121705491460023,-51.42619533223271,0.0,False,False,nan,False
171,0.0073187826,0.6764334,-0.038594954,1.031259,0.21951278,0.05872362,False,False,3,1,False,74,67,7,-0.04256475571898363,-51.46876008795169,-0.04256475571898363,-51.46876008795169,0.0,False,False,nan,False
172,0.007025814,0.6990787,-0.030501321,1.0062792,0.22072797,0.024304114,False,False,3,1,False,74,67,7,0.10833346653331091,-51.360426621418384,0.10833346653331091,-51.360426621418384,0.0,False,False,nan,False
173,0.0068208696,0.72116035,-0.019375948,0.9815744,0.21960679,-0.022423737,False,False,3,1,False,74,67,7,0.3718309218736249,-50.98859569954476,0.3718309218736249,-50.98859569954476,0.0,False,False,nan,False
174,0.0066862106,0.74267364,-0.010505883,0.956586,0.21661362,-0.05986347,False,False,3,1,False,74,67,7,0.6303964048201192,-50.35819929472464,0.6303964048201192,-50.35819929472464,0.0,False,False,nan,False
175,0.006636524,0.76361376,0.00019235924,0.9314126,0.2114068,-0.10413631,False,False,3,1,False,74,67,7,0.9199080367964154,-49.43829125792823,0.9199080367964154,-49.43829125792823,0.0,False,False,nan,False
176,0.0066693304,0.7839834,0.010579609,0.9063473,0.20403907,-0.14735465,False,False,3,1,False,74,67,7,1.1702145962794372,-48.26807666164879,1.1702145962794372,-48.26807666164879,0.0,False,False,nan,False
177,0.006781387,0.80378926,0.02061508,0.8815288,0.19456159,-0.18955003,False,False,3,1,False,74,67,7,1.4010595783902613,-46.86701708325853,1.4010595783902613,-46.86701708325853,0.0,False,False,nan,False
178,0.0069589615,0.8230199,0.028898746,0.856115,0.18336485,-0.22393496,False,False,3,1,False,74,67,7,1.6832503337071512,-45.18376674955138,1.6832503337071512,-45.18376674955138,0.0,False,False,nan,False
179,0.007223892,0.8416653,0.039876197,0.8302885,0.16994883,-0.26832062,False,False,3,1,False,74,67,7,1.9826062042476746,-43.20116054530371,1.9826062042476746,-43.20116054530371,0.0,False,False,nan,False
180,0.0075778007,0.8597387,0.051118232,0.8049789,0.15422714,-0.3144345,False,False,3,1,False,74,67,7,2.1991134245334094,-41.0020471207703,2.1991134245334094,-41.0020471207703,0.0,False,False,nan,False
181,0.007998276,0.87724274,0.05956157,0.77968395,0.1367549,-0.34944516,False,False,3,1,False,74,67,7,2.4309820252576357,-38.571065095512665,2.4309820252576357,-38.571065095512665,0.0,False,False,nan,False
182,0.0085107805,0.8941743,0.07117969,0.7542196,0.116915874,-0.39678076,False,False,3,1,False,74,67,7,2.6988173977794374,-35.87224769773323,2.6988173977794374,-35.87224769773323,0.0,False,False,nan,False
183,0.009090424,0.9105181,0.07965674,0.727957,0.09537334,-0.43085042,False,False,3,1,False,74,67,7,3.016241929282246,-32.856005768450984,3.016241929282246,-32.856005768450984,0.0,False,False,nan,False
184,0.009747123,0.92628425,0.089407176,0.70205796,0.07185993,-0.47026858,False,False,3,1,False,74,67,7,3.201560877355378,-29.654444891095608,3.201560877355378,-29.654444891095608,0.0,False,False,nan,False
185,0.010462666,0.94146395,0.09684471,0.6756851,0.046853725,-0.50012445,False,False,3,1,False,74,67,7,3.465757788841104,-26.188687102254505,3.465757788841104,-26.188687102254505,0.0,False,False,nan,False
186,0.011244869,0.95605516,0.105239704,0.64912665,0.020167332,-0.53372824,False,False,3,1,False,74,67,7,3.677501951844563,-22.511185150409943,3.677501951844563,-22.511185150409943,0.0,False,False,nan,False
187,0.012097645,0.97006416,0.11410694,0.6227606,-0.0082953395,-0.5692537,False,False,3,1,False,74,67,7,2.2027921017882206,-20.308393048621724,2.2027921017882206,-20.308393048621724,0.0,False,False,nan,False
188,0.013028908,0.9834841,0.12395258,0.5959911,-0.03872804,-0.6086546,False,False,3,1,False,74,67,7,-1.9779703753130764,-22.2863634239348,-1.9779703753130764,-22.2863634239348,0.0,False,False,nan,False
189,0.014031982,0.99630904,0.13291678,0.568834,-0.07095926,-0.6446248,False,False,3,1,False,74,67,7,-2.0781054110237265,-24.36446883495853,-2.0781054110237265,-24.36446883495853,0.0,False,False,nan,False
190,0.0151140215,1.0085458,0.1427186,0.5418648,-0.10515335,-0.6838821,False,False,3,1,False,74,67,7,-2.293325536443318,-26.65779437140185,-2.293325536443318,-26.65779437140185,0.0,False,False,nan,False
191,0.016294193,1.0201848,0.15485455,0.51427805,-0.1417968,-0.7328698,False,False,3,1,False,74,67,7,-2.534103698366151,-29.191898069768,-2.534103698366151,-29.191898069768,0.0,False,False,nan,False
192,0.017566586,1.0312278,0.16620146,0.48663476,-0.18073662,-0.778798,False,False,3,1,False,74,67,7,-2.744973025519498,-31.9368710952875,-2.744973025519498,-31.9368710952875,0.0,False,False,nan,False
193,0.01893406,1.0416621,0.17779706,0.45822293,-0.22207285,-0.82672566,False,False,3,1,False,74,67,7,-2.936720456907095,-34.8735915521946,-2.936720456907095,-34.8735915521946,0.0,False,False,nan,False
194,0.0203907,1.0514944,0.18850677,0.4299496,-0.26562664,-0.8710769,False,False,3,1,False,74,67,7,-3.1662356403833756,-38.039827192577974,-3.1662356403833756,-38.039827192577974,0.0,False,False,nan,False
195,0.021914292,1.0607314,0.1962757,0.40192744,-0.31080613,-0.903591,False,False,3,1,False,74,67,7,-3.257819564167987,-41.29764675674596,-3.257819564167987,-41.29764675674596,0.0,False,False,nan,False
196,0.023534775,1.0693451,0.20772064,0.37232825,-0.35849535,-0.9537861,False,False,3,1,False,74,67,7,-3.569605959180534,-44.8672527159265,-3.569605959180534,-44.8672527159265,0.0,False,False,nan,False
197,0.025231456,1.0773381,0.21641131,0.34277672,-0.4081833,-0.99376076,False,False,3,1,False,74,67,7,-3.7041247557419283,-48.57137747166843,-3.7041247557419283,-48.57137747166843,0.0,False,False,nan,False
198,0.02701435,1.0847217,0.22595759,0.31353277,-0.45999622,-1.0362604,False,False,3,1,False,74,67,7,-4.063211439203058,-52.634588910871486,-4.063211439203058,-52.634588910871486,0.0,False,False,nan,False
199,0.02889719,1.0914843,0.23701914,0.28347108,-0.5143447,-1.0869714,False,False,3,1,False,74,67,7,-4.4491430883414,-57.08373199921289,-4.4491430883414,-57.08373199921289,0.0,False,False,nan,False
200,0.030872822,1.0976043,0.24702485,0.25224206,-0.5712644,-1.1383964,False,False,3,1,False,74,67,7,-4.694067965344089,-61.777799964556976,-4.694067965344089,-61.777799964556976,0.0,False,False,nan,False
201,0.032924842,1.1031045,0.25450006,0.2220812,-0.63013214,-1.1773576,False,False,3,1,False,74,67,7,-4.944339053921737,-66.72213901847871,-4.944339053921737,-66.72213901847871,0.0,False,False,nan,False
202,0.03505802,1.107966,0.26232472,0.19083951,-0.69125676,-1.2224953,False,False,3,1,False,74,67,7,-5.29745857374857,-72.01959759222729,-5.29745857374857,-72.01959759222729,0.0,False,False,nan,False
203,0.03728666,1.1121752,0.27148035,0.15865947,-0.7550905,-1.2766778,False,False,3,1,False,74,67,7,-5.845848591859322,-77.86544618408661,-5.845848591859322,-77.86544618408661,0.0,False,False,nan,False
204,0.039608,1.1157287,0.27981052,0.12619725,-0.8216041,-1.3302753,False,False,3,1,False,74,67,7,-6.2954312832898145,-84.16087746737642,-6.2954312832898145,-84.16087746737642,0.0,False,False,nan,False
205,0.042010117,1.1186485,0.28593978,0.09489535,-0.89019597,-1.3718421,False,False,3,1,False,74,67,7,-6.622031885872302,-90.78290935324873,-6.622031885872302,-90.78290935324873,0.0,False,False,nan,False
206,0.044498347,1.1209009,0.2924464,0.061744258,-0.96146876,-1.4254606,False,False,3,1,False,74,67,7,-7.153776203202084,-97.93668555645081,-7.153776203202084,-97.93668555645081,0.0,False,False,nan,False
207,0.04707823,1.1224924,0.29873496,0.028923724,-1.035321,-1.4770509,False,False,3,1,False,74,67,7,-7.708626858897474,-105.64531241534829,-7.708626858897474,-105.64531241534829,0.0,False,False,nan,False
208,0.04973793,1.1234119,0.3031527,-0.004399552,-1.1117363,-1.5283144,False,False,3,1,False,74,67,7,-8.080109518961647,-113.72542193430994,-8.080109518961647,-113.72542193430994,0.0,False,False,nan,False
209,0.052468203,1.1236863,0.30563825,-0.035951573,-1.1899726,-1.5647317,False,False,3,1,False,74,67,7,-8.349545521907798,-122.07496745621773,-8.349545521907798,-122.07496745621773,0.0,False,False,nan,False
210,0.055266,1.123305,0.30721417,-0.06788553,-1.2701178,-1.6029062,False,False,3,1,False,74,67,7,-8.707787396049609,-130.78275485226735,-8.707787396049609,-130.78275485226735,0.0,False,False,nan,False
211,0.05813589,1.122235,0.3088062,-0.10145417,-1.3527895,-1.6534421,False,False,3,1,False,74,67,7,-9.24676454860568,-140.02951940087303,-9.24676454860568,-140.02951940087303,0.0,False,False,nan,False
212,0.061082173,1.1204627,0.31007746,-0.13548882,-1.4381733,-1.7076828,False,False,3,1,False,74,67,7,-9.74117015256641,-149.77068955343944,-9.74117015256641,-149.77068955343944,0.0,False,False,nan,False
213,0.06409931,1.1179671,0.3100294,-0.17033972,-1.5265576,-1.7676914,False,False,3,1,False,74,67,7,-10.17174790281254,-159.94243745625198,-10.17174790281254,-159.94243745625198,0.0,False,False,nan,False
214,0.0671896,1.1147761,0.3093624,-0.20297143,-1.617123,-1.8113168,False,False,3,1,False,74,67,7,-10.412207182552576,-170.35464463880456,-10.412207182552576,-170.35464463880456,0.0,False,False,nan,False
215,0.07034359,1.1108608,0.3071041,-0.23669824,-1.7103091,-1.8637321,False,False,3,1,False,74,67,7,-10.750516541690187,-181.10516118049475,-10.750516541690187,-181.10516118049475,0.0,False,False,nan,False
216,0.07356119,1.1062179,0.30420297,-0.26985866,-1.8059407,-1.9126434,False,False,3,1,False,74,67,7,-11.04196814687546,-192.1471293273702,-11.04196814687546,-192.1471293273702,0.0,False,False,nan,False
217,0.07683907,1.1008165,0.30029434,-0.30398598,-1.904431,-1.9698162,False,False,3,1,False,74,67,7,-11.427429151559663,-203.57455847892987,-11.427429151559663,-203.57455847892987,0.0,False,False,nan,False
218,0.0801857,1.094676,0.29701486,-0.33597898,-2.0049734,-2.0108638,False,False,3,1,False,74,67,7,-11.609909626042478,-215.18446810497235,-11.609909626042478,-215.18446810497235,0.0,False,False,nan,False
219,0.08358898,1.0877925,0.2924084,-0.36729267,-2.1074333,-2.0492148,False,False,3,1,True,75,67,8,-11.718377075990274,-226.90284518096263,-11.718377075990274,-226.90284518096263,0.0,False,False,nan,False
220,0.08711205,1.0803246,0.29657358,-0.38842526,-2.2076113,-2.003569,False,False,1,1,False,75,67,8,-11.253739771848158,-238.1565849528108,-11.253739771848158,-238.1565849528108,0.0,False,False,nan,False
221,0.09076033,1.0722888,0.30283722,-0.408218,-2.3049035,-1.9458576,False,False,1,1,False,75,67,8,-10.946529906325535,-249.10311485913633,-10.946529906325535,-249.10311485913633,0.0,False,False,nan,False
222,0.09453259,1.0636609,0.31003505,-0.42905816,-2.399551,-1.8929554,False,False,1,1,False,75,67,8,-10.774518310888395,-259.8776331700247,-10.774518310888395,-259.8776331700247,0.0,False,False,nan,False
223,0.098402694,1.0544051,0.31511298,-0.4517812,-2.4924004,-1.8569994,False,False,1,1,False,75,67,8,-10.57517033084943,-270.4528035008741,-10.57517033084943,-270.4528035008741,0.0,False,False,nan,False
224,0.10236988,1.0445081,0.32100835,-0.47501674,-2.5834866,-1.8217341,False,False,1,1,False,75,67,8,-10.44046615632814,-280.8932696572022,-10.44046615632814,-280.8932696572022,0.0,False,False,nan,False
225,0.10644512,1.033986,0.32945594,-0.4973383,-2.67223,-1.7748785,False,False,1,1,False,75,67,8,-10.223119357362547,-291.11638901456473,-10.223119357362547,-291.11638901456473,0.0,False,False,nan,False
226,0.11061525,1.0228192,0.33713076,-0.52075726,-2.7590108,-1.7356188,False,False,1,1,False,75,67,8,-10.02099305345146,-301.13738206801617,-10.02099305345146,-301.13738206801617,0.0,False,False,nan,False
227,0.11486845,1.0109932,0.34419,-0.54500383,-2.8441012,-1.7018194,False,False,1,1,False,75,67,8,-9.833600492047053,-310.9709825600632,-9.833600492047053,-310.9709825600632,0.0,False,False,nan,False
228,0.1192133,0.99850863,0.35317534,-0.5693193,-2.9271731,-1.6614485,False,False,1,1,False,75,67,8,-9.685228584207804,-320.65621114427097,-9.685228584207804,-320.65621114427097,0.0,False,False,nan,False
229,0.123659134,0.9853702,0.36414692,-0.5935914,-3.0078678,-1.6138961,False,False,1,1,False,75,67,8,-9.491201423990303,-330.14741256826125,-9.491201423990303,-330.14741256826125,0.0,False,False,nan,False
230,0.12820072,0.9715712,0.37515324,-0.6185095,-3.0862517,-1.5676844,False,False,1,1,False,75,67,8,-9.258201438792836,-339.40561400705406,-9.258201438792836,-339.40561400705406,0.0,False,False,nan,False
231,0.1328247,0.9571013,0.385094,-0.64420253,-3.1625898,-1.526767,False,False,1,1,False,75,67,8,-9.005785477787724,-348.41139948484175,-9.005785477787724,-348.41139948484175,0.0,False,False,nan,False
232,0.13754082,0.9419588,0.39680722,-0.67030317,-3.2365494,-1.4791968,False,False,1,1,False,75,67,8,-8.835316175816358,-357.2467156606581,-8.835316175816358,-357.2467156606581,0.0,False,False,nan,False
233,0.14232521,0.92612743,0.4060399,-0.6974412,-3.3086143,-1.4413025,False,False,1,1,False,75,67,8,-8.549482133631356,-365.7961977942894,-8.549482133631356,-365.7961977942894,0.0,False,False,nan,False
234,0.1471837,0.90962106,0.41635054,-0.72430956,-3.3785934,-1.3995929,False,False,1,1,False,75,67,8,-8.315148811828548,-374.11134660611793,-8.315148811828548,-374.11134660611793,0.0,False,False,nan,False
235,0.15210123,0.89242417,0.4252177,-0.752148,-3.4467068,-1.3622692,False,False,1,1,False,75,67,8,-8.083091530619212,-382.1944381367371,-8.083091530619212,-382.1944381367371,0.0,False,False,nan,False
236,0.1570859,0.87452674,0.43542022,-0.78082293,-3.5126078,-1.3180268,False,False,1,1,False,75,67,8,-7.942924859822852,-390.13736299655994,-7.942924859822852,-390.13736299655994,0.0,False,False,nan,False
237,0.16213942,0.85593355,0.44600224,-0.80966717,-3.5762022,-1.2718902,False,False,1,1,False,75,67,8,-7.6884935286414295,-397.82585652520135,-7.6884935286414295,-397.82585652520135,0.0,False,False,nan,False
238,0.16726188,0.8366225,0.4569148,-0.83990794,-3.6372137,-1.2202337,False,False,1,1,False,75,67,8,-7.510137951644679,-405.335994476846,-7.510137951644679,-405.335994476846,0.0,False,False,nan,False
239,0.17243052,0.8166132,0.46502066,-0.8694113,-3.696258,-1.1808906,False,False,1,1,False,75,67,8,-7.059992601558775,-412.39598707840474,-7.059992601558775,-412.39598707840474,0.0,False,False,nan,False
240,0.17763253,0.79590684,0.47166973,-0.8990761,-3.753546,-1.1457613,False,False,1,1,False,75,67,8,-6.778345947494727,-419.17433302589944,-6.778345947494727,-419.17433302589944,0.0,False,False,nan,False
241,0.18289547,0.77449095,0.481723,-0.9298573,-3.8082674,-1.0944325,False,False,1,1,False,75,67,8,-6.72687389028411,-425.9012069161835,-6.72687389028411,-425.9012069161835,0.0,False,False,nan,False
242,0.18820992,0.7523639,0.4906116,-0.96095484,-3.860532,-1.0452917,False,False,1,1,False,75,67,8,-6.403915409496704,-432.3051223256802,-6.403915409496704,-432.3051223256802,0.0,False,False,nan,False
243,0.19356307,0.72952837,0.49794453,-0.9921055,-3.910555,-1.0004616,False,False,1,1,False,75,67,8,-6.064996004539949,-438.3701183302201,-6.064996004539949,-438.3701183302201,0.0,False,False,nan,False
244,0.19895573,0.70598805,0.50521547,-1.0233122,-3.9583206,-0.9553153,False,False,1,1,False,75,67,8,-5.795889628374112,-444.1660079585942,-5.795889628374112,-444.1660079585942,0.0,False,False,nan,False
245,0.20437908,0.6817598,0.51121527,-1.0537927,-4.004197,-0.9175402,False,False,1,1,False,75,67,8,-5.444052710419014,-449.6100606690132,-5.444052710419014,-449.6100606690132,0.0,False,False,nan,False
246,0.20984784,0.6568219,0.5189785,-1.0857636,-4.047527,-0.8666051,False,False,1,1,False,75,67,8,-5.359743547763769,-454.96980421677694,-5.359743547763769,-454.96980421677694,0.0,False,False,nan,False
247,0.21534434,0.6311962,0.52439153,-1.1165949,-4.088938,-0.8282279,False,False,1,1,False,75,67,8,-4.928149406258199,-459.8979536230351,-4.928149406258199,-459.8979536230351,0.0,False,False,nan,False
248,0.2208745,0.6048636,0.53049123,-1.1486764,-4.127966,-0.7805518,False,False,1,1,False,75,67,8,-4.7995350003847355,-464.6974886234198,-4.7995350003847355,-464.6974886234198,0.0,False,False,nan,False
249,0.22644968,0.5778118,0.5377716,-1.1816897,-4.164182,-0.7243253,False,False,1,1,False,75,67,8,-4.623175585213999,-469.3206642086338,-4.623175585213999,-469.3206642086338,0.0,False,False,nan,False
250,0.23206358,0.5500334,0.5442311,-1.2152141,-4.197508,-0.66651016,False,False,1,1,False,75,67,8,-4.322171832595045,-473.6428360412288,-4.322171832595045,-473.6428360412288,0.0,False,False,nan,False
251,0.23770484,0.5215526,0.54903805,-1.2474388,-4.2285275,-0.6203941,False,False,1,1,False,75,67,8,-3.8905734200469895,-477.53340946127577,-3.8905734200469895,-477.53340946127577,0.0,False,False,nan,False
252,0.2433773,0.49237627,0.5540097,-1.2794058,-4.257309,-0.57562655,False,False,1,1,False,75,67,8,-3.644235705515284,-481.177645166791,-3.644235705515284,-481.177645166791,0.0,False,False,nan,False
253,0.24907103,0.4625102,0.5577501,-1.3110516,-4.2840695,-0.53520757,False,False,1,1,False,75,67,8,-3.368552119089172,-484.54619728588017,-3.368552119089172,-484.54619728588017,0.0,False,False,nan,False
254,0.25479174,0.43192363,0.5621939,-1.3445641,-4.308107,-0.48075143,False,False,1,1,False,75,67,8,-3.3106124292814045,-487.85680971516155,-3.3106124292814045,-487.85680971516155,0.0,False,False,nan,False
255,0.2605404,0.40060246,0.5666843,-1.3789624,-4.329106,-0.4199831,False,False,1,1,False,75,67,8,-3.119441898828795,-490.9762516139903,-3.119441898828795,-490.9762516139903,0.0,False,False,nan,False
256,0.26632148,0.3685635,0.5713352,-1.4124856,-4.347356,-0.36500353,False,False,1,1,False,75,67,8,-2.8189658461723455,-493.79521746016263,-2.8189658461723455,-493.79521746016263,0.0,False,False,nan,False
257,0.27212876,0.33578905,0.575339,-1.447039,-4.362539,-0.30366266,False,False,1,1,False,75,67,8,-2.6541797263654687,-496.4493971865281,-2.6541797263654687,-496.4493971865281,0.0,False,False,nan,False
258,0.27796373,0.30228862,0.5792931,-1.4810909,-4.374832,-0.24586973,False,False,1,1,False,75,67,8,-2.4169115286221357,-498.8663087151502,-2.4169115286221357,-498.8663087151502,0.0,False,False,nan,False
259,0.28382796,0.26809174,0.5831099,-1.5134754,-4.384837,-0.20009556,False,False,1,1,False,75,67,8,-2.1639915927405853,-501.03030030789074,-2.1639915927405853,-501.03030030789074,0.0,False,False,nan,False
260,0.28972712,0.23316708,0.5876534,-1.5477211,-4.391842,-0.14009777,False,False,1,1,False,75,67,8,-2.2387836454893475,-503.26908395338006,-2.2387836454893475,-503.26908395338006,0.0,False,False,nan,False
261,0.29564437,0.19752653,0.590332,-1.5812092,-4.396235,-0.08786588,False,False,1,1,False,75,67,8,-2.063773611540823,-505.33285756492086,-2.063773611540823,-505.33285756492086,0.0,False,False,nan,False
262,0.3015791,0.16117223,0.5928916,-1.6145681,-4.3980694,-0.036686033,False,False,1,1,False,75,67,8,-2.069241466887688,-507.4020990318085,-2.069241466887688,-507.4020990318085,0.0,False,False,nan,False
263,0.30753642,0.12413493,0.5957668,-1.6461754,-4.3979535,0.0023206053,False,True,1,1,False,75,67,8,7.943596990372812,-499.4585020414357,7.943596990372812,-499.4585020414357,0.0,False,False,nan,False
264,0.31336936,0.086734496,0.591185,-1.6710364,-4.3888736,0.14623724,False,True,1,1,False,75,67,8,-0.6590496895514935,-500.11755173098715,-0.6590496895514935,-500.11755173098715,0.0,False,False,nan,False
265,0.3106804,0.07096282,-0.75922096,0.09577363,-4.120468,2.3239377,False,True,1,1,False,75,67,8,-100,-600.1175517309871,-100,-600.1175517309871,0.0,True,False,nan,False
