step,x,y,vx,vy,angle,angular_velocity,left_leg_contact,right_leg_contact,navigation_action,current_fps,fresh_observation,n_fresh_observations,n_fresh_observations_before_touchdown,n_fresh_observations_after_touchdown,instant_nav_reward,cumulative_nav_reward,instant_adaptive_reward,cumulative_adaptive_reward,instant_frame_penalty,terminated,truncated,vy_at_touchdown,success
1,0.0079076765,1.3924135,0.39269245,-0.4238437,-0.006739199,-0.0421764,False,False,1,10,True,2,2,0,-0.21335207120588848,-0.21335207120588848,-2.2133520712058883,-2.2133520712058883,2.0,False,False,nan,False
2,0.011715507,1.3822811,0.3804192,-0.4503313,-0.006383397,0.0071166963,False,False,1,10,False,2,2,0,-0.1546438825450582,-0.3679959537509467,-0.1546438825450582,-2.3679959537509463,0.0,False,False,nan,False
3,0.015443802,1.3715434,0.3704478,-0.47722223,-0.0040296894,0.04707843,False,False,1,10,False,2,2,0,-0.18697528730049726,-0.5549712410514439,-0.18697528730049726,-2.5549712410514434,0.0,False,False,nan,False
4,0.019090462,1.3602183,0.36021382,-0.5033291,0.000374835,0.08809857,False,False,1,10,False,2,2,0,-0.018347299040640336,-0.5733185400920843,-0.018347299040640336,-2.5733185400920835,0.0,False,False,nan,False
5,0.022672653,1.3482915,0.35213464,-0.53008735,0.006395382,0.120422326,False,False,1,10,False,2,2,0,-1.18937956663754,-1.7626981067296241,-1.18937956663754,-3.7626981067296237,0.0,False,False,nan,False
6,0.026160622,1.3357525,0.34031114,-0.55734384,0.014783196,0.1677717,False,False,1,10,True,3,3,0,-1.2851669708644227,-3.0478650775940466,-3.285166970864423,-7.047865077594047,2.0,False,False,nan,False
7,0.029572487,1.3226066,0.33077368,-0.5843992,0.025077952,0.2059141,False,False,1,10,False,3,3,0,-1.6012469098526754,-4.649111987446722,-1.6012469098526754,-8.649111987446721,0.0,False,False,nan,False
8,0.032913875,1.3088537,0.3219508,-0.61148196,0.037136685,0.24119663,False,False,1,10,False,3,3,0,-1.8232181816742628,-6.472330169120985,-1.8232181816742628,-10.472330169120983,0.0,False,False,nan,False
9,0.036165904,1.294508,0.3107531,-0.6380094,0.05142716,0.2858358,False,False,1,10,False,3,3,0,-1.894146060270599,-8.366476229391584,-1.894146060270599,-12.366476229391582,0.0,False,False,nan,False
10,0.039357565,1.2795544,0.30320728,-0.6652357,0.06722748,0.3160358,False,False,1,10,False,3,3,0,-2.2659011682294747,-10.632377397621058,-2.2659011682294747,-14.632377397621056,0.0,False,False,nan,False
11,0.042479992,1.2639866,0.29455554,-0.6927844,0.084768385,0.35085008,False,False,1,10,True,4,4,0,-2.4108542984741903,-13.043231696095248,-4.41085429847419,-19.043231696095248,2.0,False,False,nan,False
12,0.04567375,1.247843,0.3035632,-0.71846396,0.100464545,0.31395194,False,False,3,10,False,4,4,0,-2.713316598876786,-15.756548294972033,-2.713316598876786,-21.756548294972035,0.0,False,False,nan,False
13,0.04894962,1.2311223,0.3139165,-0.7441237,0.11404694,0.2716729,False,False,3,10,False,4,4,0,-2.4964897969963133,-18.253038091968346,-2.4964897969963133,-24.25303809196835,0.0,False,False,nan,False
14,0.05232153,1.2138213,0.32602412,-0.7698203,0.12516692,0.22241986,False,False,3,10,False,4,4,0,-2.265642291655267,-20.518680383623614,-2.265642291655267,-26.518680383623618,0.0,False,False,nan,False
15,0.05575485,1.1959296,0.33374837,-0.79601353,0.13472107,0.19110022,False,False,3,10,False,4,4,0,-1.927150847269927,-22.445831230893543,-1.927150847269927,-28.445831230893546,0.0,False,False,nan,False
16,0.059257794,1.1774431,0.34248734,-0.82234573,0.14251587,0.15591003,False,False,3,10,True,5,5,0,-1.7465240126253991,-24.192355243518943,-3.7465240126253994,-32.192355243518946,2.0,False,False,nan,False
17,0.062755585,1.1596662,0.341417,-0.79090273,0.15086867,0.1670712,False,False,2,10,False,5,5,0,3.558386047442082,-20.633969196076862,3.558386047442082,-28.633969196076865,0.0,False,False,nan,False
18,0.066169165,1.1420594,0.33303884,-0.783388,0.15919258,0.16649355,False,False,2,10,False,5,5,0,1.627111945901828,-19.006857250175035,1.627111945901828,-27.006857250175038,0.0,False,False,nan,False
19,0.06944542,1.1253588,0.31920028,-0.7431744,0.16762717,0.16870701,False,False,2,10,False,5,5,0,4.745744089177276,-14.261113160997759,4.745744089177276,-22.261113160997763,0.0,False,False,nan,False
20,0.07271747,1.1094266,0.31809595,-0.70914537,0.17675264,0.1825264,False,False,2,10,False,5,5,0,3.517044065241987,-10.744069095755773,3.517044065241987,-18.744069095755776,0.0,False,False,nan,False
21,0.07591362,1.094065,0.3102525,-0.68387836,0.18617018,0.18836774,False,False,2,10,True,6,6,0,2.895144963352675,-7.848924132403098,0.8951449633526751,-17.848924132403102,2.0,False,False,nan,False
22,0.07902412,1.0795808,0.30123252,-0.64500064,0.19604376,0.19748953,False,False,2,10,False,6,6,0,4.044060645561342,-3.8048634868417555,4.044060645561342,-13.80486348684176,0.0,False,False,nan,False
23,0.08189793,1.0656546,0.27795738,-0.6202142,0.20553783,0.18989824,False,False,2,10,False,6,6,0,3.3402334498058055,-0.46463003703594996,3.3402334498058055,-10.464630037035956,0.0,False,False,nan,False
24,0.08449106,1.0522218,0.25050092,-0.5982657,0.21444957,0.17825086,False,False,2,10,False,6,6,0,3.233539332898272,2.768909295862322,3.233539332898272,-7.231090704137684,0.0,False,False,nan,False
25,0.08708344,1.0389528,0.24993141,-0.59110886,0.22385946,0.18819751,False,False,2,10,False,6,6,0,0.7420122645178935,3.5109215603802157,0.7420122645178935,-6.4890784396197905,0.0,False,False,nan,False
26,0.089428805,1.0261099,0.22564992,-0.5721789,0.23285769,0.17996486,False,False,2,10,True,7,7,0,2.730717061705616,6.241638622085832,0.730717061705616,-5.7583613779141745,2.0,False,False,nan,False
27,0.09186325,1.0127007,0.23690426,-0.5970099,0.23950262,0.13289915,False,False,3,10,False,7,7,0,-2.103400685758912,4.13823793632692,-2.103400685758912,-7.861762063673087,0.0,False,False,nan,False
28,0.09437551,0.9987162,0.24667537,-0.6222804,0.24412149,0.09237727,False,False,3,10,False,7,7,0,-1.8318332101780175,2.3064047261489025,-1.8318332101780175,-9.693595273851104,0.0,False,False,nan,False
29,0.096982196,0.9841647,0.2585711,-0.6470804,0.24625824,0.042734854,False,False,3,10,False,7,7,0,-1.5643996216208211,0.7420051045280813,-1.5643996216208211,-11.257994895471924,0.0,False,False,nan,False
30,0.09966393,0.96905136,0.26807222,-0.6717226,0.246363,0.002094696,False,False,3,10,False,7,7,0,-1.2044599512595926,-0.46245484673151127,-1.2044599512595926,-12.462454846731516,0.0,False,False,nan,False
31,0.10240374,0.95336694,0.2754247,-0.69684607,0.24489741,-0.02931174,False,False,3,10,True,8,8,0,-0.9585660066589969,-1.4210208533905082,-2.958566006658997,-15.421020853390512,2.0,False,False,nan,False
32,0.10506916,0.93775123,0.26781696,-0.693823,0.243598,-0.025988266,False,False,2,10,False,8,8,0,1.9115252807748504,0.4905044273843422,1.9115252807748504,-13.509495572615663,0.0,False,False,nan,False
33,0.10772629,0.92208266,0.26662368,-0.6962263,0.24266867,-0.018586354,False,False,2,10,False,8,8,0,1.1379210847152705,1.6284255120996127,1.1379210847152705,-12.371574487900393,0.0,False,False,nan,False
34,0.110184,0.9069924,0.24670503,-0.6705312,0.24171758,-0.019021818,False,False,2,10,False,8,8,0,4.370186694371381,5.998612206470994,4.370186694371381,-8.001387793529013,0.0,False,False,nan,False
35,0.112549685,0.8926734,0.23690906,-0.63633955,0.24136609,-0.007029757,False,False,2,10,False,8,8,0,4.673758256433996,10.67237046290499,4.673758256433996,-3.3276295370950164,0.0,False,False,nan,False
36,0.11481323,0.8788768,0.22633898,-0.6131789,0.24138412,0.00036064407,False,False,2,10,True,9,9,0,3.5768741127225896,14.249244575627579,1.5768741127225896,-1.7507554243724268,2.0,False,False,nan,False
37,0.11705198,0.8655759,0.22317834,-0.5912696,0.2420991,0.014299782,False,False,2,10,False,9,9,0,3.0806255318508535,17.32987010747843,3.0806255318508535,1.3298701074784267,0.0,False,False,nan,False
38,0.11905146,0.8529013,0.19940104,-0.5634023,0.24264623,0.010942525,False,False,2,10,False,9,9,0,4.307713087961628,21.637583195440058,4.307713087961628,5.637583195440055,0.0,False,False,nan,False
39,0.12098751,0.8407166,0.19255662,-0.5417119,0.2437173,0.021421222,False,False,2,10,False,9,9,0,3.0451877443749824,24.68277093981504,3.0451877443749824,8.682770939815036,0.0,False,False,nan,False
40,0.122726634,0.8284252,0.17337076,-0.5463756,0.24427156,0.011085564,False,False,2,10,False,9,9,0,1.0051919067626442,25.687962846577683,1.0051919067626442,9.68796284657768,0.0,False,False,nan,False
41,0.124381445,0.8161307,0.16487199,-0.5465227,0.24489284,0.012425391,False,False,2,10,True,10,10,0,1.066302612333186,26.75426545891087,-0.933697387666814,8.754265458910865,2.0,False,False,nan,False
42,0.12581596,0.8042743,0.14304686,-0.52701765,0.24530199,0.008182993,False,False,2,10,False,10,10,0,3.28534254863136,30.039608007542228,3.28534254863136,12.039608007542224,0.0,False,False,nan,False
43,0.12733173,0.7924088,0.15037987,-0.5275563,0.24651855,0.024331084,False,False,2,10,False,10,10,0,0.47805917145863647,30.517667179000863,0.47805917145863647,12.51766717900086,0.0,False,False,nan,False
44,0.12861052,0.78107876,0.12688617,-0.5037232,0.24752714,0.020171631,False,False,2,10,False,10,10,0,3.608132149829072,34.125799328829935,3.608132149829072,16.12579932882993,0.0,False,False,nan,False
45,0.12955026,0.77057666,0.09342174,-0.46685773,0.2480951,0.011358896,False,False,2,10,False,10,10,0,4.9982852602950745,39.12408458912501,4.9982852602950745,21.124084589125005,0.0,False,False,nan,False
46,0.13037749,0.7603509,0.08201098,-0.45459667,0.24882255,0.014549131,False,False,2,10,True,11,11,0,2.0393685755505375,41.16345316467555,0.03936857555053752,21.16345316467554,2.0,False,False,nan,False
47,0.13129577,0.74956185,0.09348594,-0.4792319,0.24713367,-0.033777557,False,False,3,10,False,11,11,0,-1.4467468606480043,39.71670630402755,-1.4467468606480043,19.716706304027536,0.0,False,False,nan,False
48,0.13229589,0.7381954,0.10374848,-0.50455004,0.24332751,-0.076122835,False,False,3,10,False,11,11,0,-1.231739809915864,38.48496649411168,-1.231739809915864,18.48496649411167,0.0,False,False,nan,False
49,0.13335362,0.726262,0.111076534,-0.52951163,0.2379416,-0.10771854,False,False,3,10,False,11,11,0,-0.929129505721362,37.55583698839032,-0.929129505721362,17.555836988390308,0.0,False,False,nan,False
50,0.13449469,0.71375227,0.12153634,-0.5548055,0.23039782,-0.15087517,False,False,3,10,False,11,11,0,-0.7591109655577941,36.79672602283252,-0.7591109655577941,16.796726022832512,0.0,False,False,nan,False
51,0.13570194,0.7006697,0.12991191,-0.5800456,0.22109787,-0.18599929,False,False,3,10,True,12,12,0,-0.48305745948957113,36.31366856334295,-2.4830574594895714,14.31366856334294,2.0,False,False,nan,False
52,0.13684025,0.6869561,0.12121655,-0.6084068,0.21363741,-0.14920905,False,False,1,10,False,12,12,0,-0.555141760780258,35.75852680256269,-0.555141760780258,13.758526802562683,0.0,False,False,nan,False
53,0.13790569,0.67262334,0.11206772,-0.6362229,0.20805949,-0.11155881,False,False,1,10,False,12,12,0,-0.6537440388210871,35.1047827637416,-0.6537440388210871,13.104782763741596,0.0,False,False,nan,False
54,0.13888636,0.6576702,0.101437986,-0.66411644,0.20466004,-0.06798907,False,False,1,10,False,12,12,0,-0.8261801564337634,34.27860260730784,-0.8261801564337634,12.278602607307834,0.0,False,False,nan,False
55,0.13979816,0.642091,0.09275903,-0.69219774,0.20307112,-0.03177838,False,False,1,10,False,12,12,0,-1.023585763668193,33.255016843639645,-1.023585763668193,11.255016843639641,0.0,False,False,nan,False
56,0.14063378,0.625887,0.08316651,-0.72022563,0.20346752,0.007927919,False,False,1,10,True,13,13,0,-1.1681535443999553,32.08686329923969,-3.1681535443999556,8.086863299239685,2.0,False,False,nan,False
57,0.1413742,0.6105183,0.07318074,-0.68317646,0.2043273,0.017195586,False,False,2,10,False,13,13,0,4.888604932159251,36.97546823139894,4.888604932159251,12.975468231398935,0.0,False,False,nan,False
58,0.14206687,0.5960941,0.06767007,-0.64129704,0.20593852,0.0322244,False,False,2,10,False,13,13,0,5.149966784235812,42.12543501563476,5.149966784235812,18.125435015634746,0.0,False,False,nan,False
59,0.1424551,0.58248174,0.03770512,-0.60514766,0.20706205,0.022470843,False,False,2,10,False,13,13,0,4.755373579040605,46.880808594675365,4.755373579040605,22.88080859467535,0.0,False,False,nan,False
60,0.1428051,0.5694643,0.033300146,-0.57879156,0.20877053,0.034169737,False,False,2,10,False,13,13,0,3.4415601973031587,50.322368791978526,3.4415601973031587,26.32236879197851,0.0,False,False,nan,False
61,0.14295034,0.5569497,0.013051385,-0.5564127,0.21025823,0.02975441,False,False,2,10,True,14,14,0,3.0789865676512536,53.40135535962978,1.0789865676512536,27.40135535962976,2.0,False,False,nan,False
62,0.14279194,0.5450304,-0.016716829,-0.5298738,0.21114212,0.01767743,False,False,2,10,False,14,14,0,3.412190139415867,56.81354549904565,3.412190139415867,30.813545499045627,0.0,False,False,nan,False
63,0.14235249,0.5339327,-0.044471305,-0.49330303,0.21167453,0.010647968,False,False,2,10,False,14,14,0,4.214307262692626,61.02785276173828,4.214307262692626,35.02785276173825,0.0,False,False,nan,False
64,0.14196424,0.5227937,-0.03993781,-0.4952264,0.21280073,0.022523873,False,False,2,10,False,14,14,0,0.5200402871917447,61.54789304893003,0.5200402871917447,35.54789304893,0.0,False,False,nan,False
65,0.14153318,0.51215285,-0.044735905,-0.4731626,0.21444908,0.032967407,False,False,2,10,False,14,14,0,2.7289808601506254,64.27687390908065,2.7289808601506254,38.27687390908063,0.0,False,False,nan,False
66,0.1408207,0.50218254,-0.072451614,-0.44329932,0.21565963,0.02421106,False,False,2,10,True,15,15,0,3.1677354579729355,67.44460936705359,1.1677354579729355,39.444609367053566,2.0,False,False,nan,False
67,0.14016962,0.4916339,-0.064705506,-0.46877128,0.21525821,-0.008028446,False,False,3,10,False,15,15,0,-1.3605692973936943,66.08404006965989,-1.3605692973936943,38.08404006965987,0.0,False,False,nan,False
68,0.13960314,0.48051453,-0.05406191,-0.49381754,0.21264365,-0.052291594,False,False,3,10,False,15,15,0,-1.0395247946055253,65.04451527505437,-1.0395247946055253,37.044515275054344,0.0,False,False,nan,False
69,0.13912563,0.4688299,-0.04282876,-0.51861805,0.20768121,-0.09924882,False,False,3,10,False,15,15,0,-0.7607189002461314,64.28379637480823,-0.7607189002461314,36.28379637480821,0.0,False,False,nan,False
70,0.13873902,0.45656928,-0.03141039,-0.5439142,0.2003745,-0.14613432,False,False,3,10,False,15,15,0,-0.5576374687523316,63.7261589060559,-0.5576374687523316,35.72615890605588,0.0,False,False,nan,False
71,0.1384203,0.4437205,-0.022918778,-0.5698687,0.19134787,-0.18053299,False,False,3,10,True,16,16,0,-0.44085635470892615,63.28530255134697,-2.4408563547089264,33.28530255134695,2.0,False,False,nan,False
72,0.13794251,0.43135473,-0.038717844,-0.548441,0.18223491,-0.18225917,False,False,2,10,False,16,16,0,3.857184069792834,67.14248662113981,3.857184069792834,37.14248662113979,0.0,False,False,nan,False
73,0.13750792,0.41916934,-0.03500124,-0.540559,0.17375554,-0.1695869,False,False,2,10,False,16,16,0,2.5320759775787964,69.67456259871861,2.5320759775787964,39.67456259871859,0.0,False,False,nan,False
74,0.13703147,0.4075026,-0.039586578,-0.51760095,0.1656822,-0.16146727,False,False,2,10,False,16,16,0,3.8874007008917006,73.56196329961031,3.8874007008917006,43.56196329961029,0.0,False,False,nan,False
75,0.13630457,0.39651906,-0.06413406,-0.48722145,0.15711948,-0.17125426,False,False,2,10,False,16,16,0,4.388381585228967,77.95034488483928,4.388381585228967,47.95034488483926,0.0,False,False,nan,False
76,0.13538495,0.38611186,-0.083086155,-0.4616283,0.14824428,-0.17750385,False,False,2,25,True,17,17,0,3.838694381893231,81.78903926673252,1.838694381893231,49.789039266732495,2.0,False,False,nan,False
77,0.13446513,0.37510565,-0.08308466,-0.4883015,0.13936912,-0.1775029,False,False,0,25,False,17,17,0,-0.6717588282865847,81.11728043844593,-0.6717588282865847,49.11728043844591,0.0,False,False,nan,False
78,0.13354531,0.36350057,-0.08308325,-0.5149747,0.13049401,-0.17750193,False,False,0,25,True,18,18,0,-0.6216387540599442,80.49564168438599,-2.621638754059944,46.495641684385966,2.0,False,False,nan,False
79,0.13254003,0.35127798,-0.093795314,-0.5426515,0.12379559,-0.13396825,False,False,1,25,False,18,18,0,-1.086050378891399,79.40959130549459,-1.086050378891399,45.409591305494565,0.0,False,False,nan,False
80,0.13145523,0.33844572,-0.10376539,-0.5699418,0.11910761,-0.09375994,False,False,1,25,True,19,19,0,-1.1852831976620581,78.22430810783253,-3.1852831976620584,42.224308107832506,2.0,False,False,nan,False
81,0.1301115,0.32623023,-0.12891062,-0.54248565,0.113676794,-0.10861643,False,False,2,25,False,19,19,0,3.6008679550205303,81.82517606285306,3.6008679550205303,45.82517606285304,0.0,False,False,nan,False
82,0.12858562,0.31403184,-0.14649025,-0.54170036,0.10762539,-0.12102817,False,False,2,25,True,20,20,0,1.1366491153064942,82.96182517815956,-0.8633508846935058,44.961825178159536,2.0,False,False,nan,False
83,0.12689885,0.3023838,-0.16221921,-0.5172383,0.10121551,-0.1281977,False,False,2,25,False,20,20,0,3.389450945124776,86.35127612328434,3.389450945124776,48.351276123284315,0.0,False,False,nan,False
84,0.12494755,0.29135,-0.18781546,-0.48991486,0.09396761,-0.144958,False,False,2,25,True,21,21,0,3.2565391018671876,89.60781522515153,1.2565391018671876,49.607815225151505,2.0,False,False,nan,False
85,0.12299633,0.27971685,-0.1878148,-0.51658595,0.086719744,-0.14495747,False,False,0,25,False,21,21,0,-0.6290875763089048,88.97872764884262,-0.6290875763089048,48.9787276488426,0.0,False,False,nan,False
86,0.12104492,0.26748443,-0.1878142,-0.543257,0.07947194,-0.14495623,False,False,0,25,True,22,22,0,-0.5923647245756598,88.38636292426696,-2.59236472457566,46.38636292426694,2.0,False,False,nan,False
87,0.11921139,0.25529444,-0.17674269,-0.5414383,0.07292469,-0.13094494,False,False,2,25,False,22,22,0,2.063987386842041,90.450350311109,2.063987386842041,48.450350311108984,0.0,False,False,nan,False
88,0.11731367,0.24314232,-0.18300149,-0.5397791,0.06622515,-0.1339908,False,False,2,25,True,23,23,0,1.5089956099257733,91.95934592103478,-0.4910043900742267,47.95934592103476,2.0,False,False,nan,False
89,0.11539669,0.23176147,-0.18511435,-0.5055407,0.05971744,-0.13015434,False,False,2,25,False,23,23,0,4.6161178342762215,96.575463755311,4.6161178342762215,52.575463755310984,0.0,False,False,nan,False
90,0.11333589,0.22114506,-0.1990785,-0.47157684,0.052797414,-0.13840076,False,False,2,25,True,24,24,0,4.08161380542509,100.6570775607361,2.08161380542509,54.65707756073608,2.0,False,False,nan,False
91,0.111296274,0.21096613,-0.1972339,-0.45217857,0.0461443,-0.13306212,False,False,2,25,False,24,24,0,3.2179060211016806,103.87498358183778,3.2179060211016806,57.87498358183776,0.0,False,False,nan,False
92,0.10916014,0.20124407,-0.2065861,-0.43188998,0.039196055,-0.13896494,False,False,2,25,True,25,25,0,2.8095129095135407,106.68449649135133,0.8095129095135407,58.684496491351304,2.0,False,False,nan,False
93,0.10685329,0.19180556,-0.22295591,-0.41930544,0.03156647,-0.15259172,False,False,2,25,False,25,25,0,1.7871368098249263,108.47163330117625,1.7871368098249263,60.47163330117623,0.0,False,False,nan,False
94,0.10462179,0.18299733,-0.21589115,-0.39134437,0.02440576,-0.1432142,False,False,2,25,True,26,26,0,4.088020446915775,112.55965374809203,2.088020446915775,62.55965374809201,2.0,False,False,nan,False
95,0.10223417,0.17498496,-0.2308803,-0.35599762,0.016628742,-0.15554044,False,False,2,25,False,26,26,0,3.554221044346943,116.11387479243898,3.554221044346943,66.11387479243895,0.0,False,False,nan,False
96,0.10000334,0.1670771,-0.21597865,-0.35139695,0.009613029,-0.14031431,False,False,2,25,True,27,27,0,2.3805280010502488,118.49440279348923,0.38052800105024875,66.4944027934892,2.0,False,False,nan,False
97,0.09767113,0.15967943,-0.22567765,-0.32875738,0.002161756,-0.14902541,False,False,2,25,False,27,27,0,2.5689110437975105,121.06331383728674,2.5689110437975105,69.06331383728671,0.0,False,False,nan,False
98,0.095311545,0.15262099,-0.22827944,-0.31371605,-0.005408693,-0.151409,False,False,2,25,True,28,28,0,1.1779706252707853,122.24128446255753,-0.8220293747292147,68.2412844625575,2.0,False,False,nan,False
99,0.09287491,0.14582235,-0.2356205,-0.3022085,-0.013349945,-0.15882511,False,False,2,25,False,28,28,0,0.08839516600887692,122.32967962856641,0.08839516600887692,68.32967962856638,0.0,False,False,nan,False
100,0.090317056,0.13917668,-0.24714597,-0.29546544,-0.021882523,-0.1706516,False,False,2,25,True,29,29,0,-0.6555464135217932,121.67413321504462,-2.655546413521793,65.67413321504459,2.0,False,False,nan,False
101,0.08782835,0.1332706,-0.24045739,-0.26263955,-0.030184591,-0.16604152,False,False,2,25,False,29,29,0,2.4116636847896773,124.08579689983429,2.4116636847896773,68.08579689983426,0.0,False,False,nan,False
102,0.08536377,0.12780441,-0.23806345,-0.24313742,-0.038471393,-0.16573595,False,False,2,25,True,30,30,0,1.0440198535262766,125.12981675336057,-0.9559801464737234,67.12981675336054,2.0,False,False,nan,False
103,0.082809255,0.12173303,-0.24934772,-0.27000588,-0.044502936,-0.12063096,False,False,1,25,False,30,30,0,-2.7118778588140757,122.4179388945465,-2.7118778588140757,64.41793889454647,0.0,False,False,nan,False
104,0.08016882,0.115062915,-0.2601282,-0.29657036,-0.048375953,-0.07746032,False,False,1,25,True,31,31,0,-2.4140596083852004,120.0038792861613,-4.4140596083852,60.003879286161265,2.0,False,False,nan,False
105,0.077457234,0.108855784,-0.26675647,-0.27602148,-0.05273594,-0.08719954,False,False,2,25,False,31,31,0,0.9906392932941557,120.99451857945544,0.9906392932941557,60.99451857945542,0.0,False,False,nan,False
106,0.07483158,0.10316914,-0.2583738,-0.2528936,-0.056880128,-0.082883745,False,False,2,25,True,32,32,0,2.1322667253856027,123.12678530484105,0.1322667253856027,61.12678530484103,2.0,False,False,nan,False
107,0.07208528,0.09824718,-0.26963276,-0.21895014,-0.061819956,-0.09879641,False,False,2,25,False,32,32,0,1.1862377287081471,124.3130230335492,1.1862377287081471,62.31302303354918,0.0,False,False,nan,False
108,0.06942415,0.09333909,-0.2613994,-0.21833973,-0.06648333,-0.09326747,False,False,2,25,True,33,33,0,0.46091919934694375,124.77394223289615,-1.5390808006530563,60.773942232896125,2.0,False,False,nan,False
109,0.06676302,0.087831266,-0.26139957,-0.24500825,-0.07114668,-0.09326737,False,False,0,25,False,33,33,0,-1.6343211945812897,123.13962103831486,-1.6343211945812897,59.139621038314836,0.0,False,False,nan,False
110,0.06410189,0.08172377,-0.26139975,-0.27167672,-0.07581004,-0.09326725,False,False,0,25,True,34,34,0,-1.694281108882322,121.44533992943254,-3.694281108882322,55.445339929432514,2.0,False,False,nan,False
111,0.061446667,0.07649818,-0.26048428,-0.23250988,-0.08079127,-0.09962473,False,False,2,25,False,34,34,0,2.561430156881312,124.00677008631385,2.561430156881312,58.00677008631383,0.0,False,False,nan,False
112,0.058919333,0.071777135,-0.24802399,-0.21008919,-0.08545758,-0.09332602,False,False,2,25,True,35,35,0,2.170850761740927,126.17762084805477,0.17085076174092695,58.17762084805476,2.0,False,False,nan,False
113,0.056392003,0.06645628,-0.2480242,-0.23675768,-0.090123884,-0.0933259,False,False,0,25,False,35,35,0,-1.6803147944903287,124.49730605356444,-1.6803147944903287,56.49730605356443,0.0,False,False,nan,False
114,0.053864766,0.06053568,-0.24802442,-0.26342615,-0.09479017,-0.09332574,False,False,0,25,True,36,36,0,-1.7468141082303035,122.75049194533415,-3.7468141082303035,52.750491945334126,2.0,False,False,nan,False
115,0.05153351,0.05544177,-0.22890799,-0.22666956,-0.09896912,-0.08357917,False,False,2,25,False,36,36,0,3.7826618564274357,126.53315380176159,3.7826618564274357,56.533153801761564,0.0,False,False,nan,False
116,0.049354743,0.050642546,-0.21410212,-0.2135522,-0.102718726,-0.07499228,False,False,2,25,True,37,37,0,1.797751633843501,128.33090543560508,-0.2022483661564991,56.33090543560507,2.0,False,False,nan,False
117,0.04708309,0.045247518,-0.22573347,-0.23987737,-0.10413811,-0.02838791,False,False,1,25,False,37,37,0,-2.329618477238141,126.00128695836693,-2.329618477238141,54.001286958366926,0.0,False,False,nan,False
118,0.044719696,0.039264187,-0.23724811,-0.26586458,-0.10323737,0.01801502,False,False,1,25,True,38,38,0,-2.0550450741728725,123.94624188419407,-4.055045074172872,49.94624188419405,2.0,False,False,nan,False
119,0.042553235,0.034048542,-0.218025,-0.23171233,-0.10186422,0.027462771,False,False,2,25,False,38,38,0,4.1555295977326425,128.1017714819267,4.1555295977326425,54.1017714819267,0.0,False,False,nan,False
120,0.0405612,0.028816162,-0.20121045,-0.23241335,-0.0998712,0.039860353,False,False,2,25,True,39,39,0,1.4484646764848434,129.55023615841154,-0.5515353235151566,53.55023615841154,2.0,False,False,nan,False
121,0.038761713,0.023545155,-0.18268928,-0.2340877,-0.09716495,0.05412522,False,False,2,25,False,39,39,0,1.458175299562751,131.0084114579743,1.458175299562751,55.0084114579743,0.0,False,False,nan,False
122,0.03700447,0.01827322,-0.17845978,-0.2341288,-0.09444212,0.05445678,False,False,2,25,True,40,40,0,0.6355527738904854,131.64396423186477,-1.3644472261095146,53.643964231864786,2.0,False,False,nan,False
123,0.035265543,0.012986264,-0.17655745,-0.2348114,-0.09180545,0.05273345,False,False,2,25,False,40,40,0,0.39304258873003733,132.0370068205948,0.39304258873003733,54.037006820594826,0.0,False,False,nan,False
124,0.033509158,0.007826767,-0.17801541,-0.22916824,-0.089454494,0.04701927,True,False,2,25,True,41,41,0,10.611889218293424,142.6488960388882,8.611889218293424,62.64889603888825,2.0,False,False,0.22916824,True
125,0.032062054,0.0038599586,-0.15823013,-0.17578961,-0.07526045,0.2849283,True,False,2,25,False,41,41,0,6.698318875145827,149.34721491403403,6.698318875145827,69.34721491403408,0.0,False,False,nan,True
126,0.030832196,0.0010775423,-0.15003186,-0.12253417,-0.04846137,0.5360328,True,False,2,25,True,42,41,1,6.804379590004033,156.15159450403806,4.804379590004033,74.15159450403812,2.0,False,False,nan,True
127,0.029744243,-0.0011316681,-0.14367329,-0.09742909,-0.013973039,0.6898255,True,False,2,25,False,42,41,1,5.2692437988519965,161.42083830289005,5.2692437988519965,79.42083830289012,0.0,False,False,nan,True
128,0.028621484,-0.0030495191,-0.14787216,-0.085300416,0.021230662,0.70414805,True,True,2,25,True,43,41,2,9.360613827887132,170.78145213077718,7.360613827887132,86.78145213077725,2.0,False,False,nan,True
129,0.027416134,-0.0041747238,-0.14109093,-0.050810795,0.039966658,0.3727097,True,True,2,25,False,43,41,2,0.0065308257742138776,170.7879829565514,0.0065308257742138776,86.78798295655147,0.0,False,False,nan,True
130,0.026054095,-0.004262879,-0.13631853,-0.003932967,0.0400243,0.0010922721,False,True,2,25,True,44,41,3,-8.81399795321773,161.97398500333367,-10.81399795321773,75.97398500333375,2.0,False,False,nan,True
131,0.02460041,-0.004437759,-0.1304979,-0.0074469135,0.025321161,-0.29409704,False,True,0,25,False,44,41,3,2.1771227572154643,164.15110776054914,2.1771227572154643,78.15110776054922,0.0,False,False,nan,True
132,0.023271084,-0.004375782,-0.12330519,0.0028684048,0.015875379,-0.1888347,True,True,0,25,True,45,41,4,11.813601787241947,175.96470954779107,9.813601787241947,87.96470954779117,2.0,False,False,nan,True
133,0.022090817,-0.0040315297,-0.11530516,0.015307676,0.013224842,-0.052968882,True,True,0,25,False,45,41,4,1.089548818293018,177.0542583660841,1.089548818293018,89.05425836608418,0.0,False,False,nan,True
134,0.021039773,-0.0033775354,-0.10695437,0.029033778,0.015083727,0.037205145,True,True,0,25,True,46,41,5,0.4779396833248448,177.53219804940895,-1.5220603166751552,87.53219804940903,2.0,False,False,nan,True
135,0.019977856,-0.0027638816,-0.10145038,0.027303172,0.01043159,-0.09300712,True,True,0,25,False,46,41,5,1.1558035515458673,178.6880016009548,1.1558035515458673,88.6880016009549,0.0,False,False,nan,True
136,0.018972779,-0.0021300935,-0.09560295,0.028187001,0.0056174006,-0.0962524,True,True,0,1,True,47,41,6,1.1278919374158516,179.81589353837066,-0.8721080625841484,87.81589353837076,2.0,False,False,nan,True
137,0.0180233,-0.0015411878,-0.090368256,0.02617889,0.0011225699,-0.08987026,True,True,0,1,False,47,41,6,1.108558535524006,180.92445207389466,1.108558535524006,88.92445207389477,0.0,False,False,nan,True
138,0.01712885,-0.0010356808,-0.085497014,0.022459839,-0.0027627128,-0.07768445,True,True,0,1,False,47,41,6,0.49746948935332824,181.421921563248,0.49746948935332824,89.4219215632481,0.0,False,False,nan,True
139,0.016283035,-0.0010327483,-0.08456192,0.00012462812,-0.002766359,-5.6958885e-05,True,True,0,1,False,47,41,6,0.46765933488811307,181.8895808981361,0.46765933488811307,89.88958089813622,0.0,False,False,nan,True
140,0.015493298,-0.0010359669,-0.078964315,-0.00014782594,-0.0027635416,6.74776e-05,True,True,0,1,False,47,41,6,0.6388233208674663,182.52840421900356,0.6388233208674663,90.52840421900368,0.0,False,False,nan,True
141,0.014760399,-0.0010359669,-0.0732764,-2.8460863e-06,-0.002763971,1.2937044e-06,True,True,0,1,False,47,41,6,0.6418810255793783,183.17028524458294,0.6418810255793783,91.17028524458306,0.0,False,False,nan,True
142,0.014084148,-0.0010358953,-0.06761874,9.635215e-07,-0.0027644052,-4.4389122e-07,True,True,0,1,False,47,41,6,0.6331743636095695,183.8034596081925,0.6331743636095695,91.80345960819263,0.0,False,False,nan,True
143,0.013464451,-0.0010358238,-0.061961938,4.2019714e-08,-0.0027647524,-5.2621196e-08,True,True,0,1,False,47,41,6,0.6274412654408525,184.43090087363336,0.6274412654408525,92.43090087363348,0.0,False,False,nan,True
144,0.012901306,-0.0010357522,-0.05630519,-3.8553118e-08,-0.0027650346,4.8405063e-08,True,True,0,1,False,47,41,6,0.6217886087714692,185.05268948240484,0.6217886087714692,93.05268948240494,0.0,False,False,nan,True
145,0.012394714,-0.0010357522,-0.05064833,-3.6953363e-08,-0.0027652585,4.0162334e-08,True,True,0,1,False,47,41,6,0.616153332049798,185.66884281445465,0.616153332049798,93.66884281445473,0.0,False,False,nan,True
146,0.011944771,-0.0010357522,-0.044991475,-1.871758e-08,-0.0027654376,1.14380796e-07,True,True,0,1,False,47,41,6,0.6104999461759189,186.27934276063056,0.6104999461759189,94.27934276063066,0.0,False,False,nan,True
147,0.01155138,-0.0010357522,-0.039334618,-5.396058e-09,-0.0027655982,1.1752353e-07,True,True,0,1,False,47,41,6,0.6048568839525323,186.88419964458308,0.6048568839525323,94.88419964458319,0.0,False,False,nan,True
148,0.011214638,-0.0010357522,-0.033677757,-3.7196093e-09,-0.002765727,1.1252031e-07,True,True,0,1,False,47,41,6,0.5992087213839916,187.48340836596708,0.5992087213839916,95.48340836596718,0.0,False,False,nan,True
149,0.010934448,-0.0010357522,-0.028020907,-5.776543e-09,-0.0027658378,1.1334198e-07,True,True,0,1,False,47,41,6,0.5935711401905763,188.07697950615767,0.5935711401905763,96.07697950615776,0.0,False,False,nan,True
150,0.010710811,-0.0010357522,-0.022364054,-9.104758e-09,-0.002765924,1.225491e-07,True,True,0,1,False,47,41,6,0.5879386533438158,188.6649181595015,0.5879386533438158,96.66491815950157,0.0,False,False,nan,True
151,0.010543728,-0.0010357522,-0.016707199,-9.559131e-09,-0.0027659943,1.18798766e-07,True,True,0,1,False,47,41,6,0.5823080247844885,189.24722618428598,0.5823080247844885,97.24722618428606,0.0,False,False,nan,True
152,0.010433197,-0.0010357522,-0.011050339,-6.1735665e-09,-0.0027660483,1.19089066e-07,True,True,0,1,False,47,41,6,0.5766801069075491,189.82390629119354,0.5766801069075491,97.82390629119361,0.0,False,False,nan,True
153,0.010379219,-0.0010357522,-0.005393485,-4.9792046e-09,-0.0027660949,1.0418212e-07,True,True,0,1,False,47,41,6,0.571052006159757,190.3949582973533,0.571052006159757,98.39495829735337,0.0,False,False,nan,True
154,0.010380077,-0.0010357522,8.564546e-05,7.17353e-08,-0.0027674385,-2.4966555e-05,True,True,0,1,False,47,41,6,0.5305641764669353,190.92552247382022,0.5305641764669353,98.92552247382031,0.0,False,False,nan,True
155,0.01039772,-0.0010357522,0.00180982,1.5511578e-06,-0.0027945752,-0.0005272962,True,True,0,1,False,47,41,6,-0.17688677390483676,190.74863569991538,-0.17688677390483676,98.74863569991547,0.0,False,False,nan,True
156,0.010408973,-0.0010357522,0.00114725,9.811935e-07,-0.0028117835,-0.00033418724,True,True,0,1,False,47,41,6,0.06341640433625884,190.81205210425165,0.06341640433625884,98.81205210425173,0.0,False,False,nan,True
157,0.0104105,-0.0010357522,0.00015735124,1.3291034e-07,-0.0028141858,-4.5837605e-05,True,True,0,1,False,47,41,6,0.09859782904921488,190.91064993330087,0.09859782904921488,98.91064993330095,0.0,False,False,nan,True
158,0.01040783,-0.0010357522,-0.00027028396,-2.2765265e-07,-0.0028101802,7.872219e-05,True,True,0,1,False,47,41,6,-0.010626995445907284,190.90002293785497,-0.010626995445907284,98.90002293785504,0.0,False,False,nan,True
159,0.010405635,-0.0010357522,-0.00022658822,-1.9426746e-07,-0.0028068228,6.6004424e-05,True,True,0,1,False,47,41,6,0.004923582037939411,190.90494651989292,0.004923582037939411,98.90494651989297,0.0,False,False,nan,True
160,0.010405064,-0.0010357522,-5.9388905e-05,-5.1508422e-08,-0.0028059513,1.7302378e-05,True,True,0,1,False,47,41,6,0.016864025410722405,190.92181054530363,0.016864025410722405,98.9218105453037,0.0,False,False,nan,True
161,0.0104054455,-0.0010357522,3.498808e-05,2.9703505e-08,-0.0028064973,-1.0185356e-05,True,True,0,1,False,47,41,6,0.0023475254180631566,190.9241580707217,0.0023475254180631566,98.92415807072176,0.0,False,False,nan,True
162,0.010405826,-0.0010357522,4.199049e-05,3.6440973e-08,-0.0028071515,-1.2228862e-05,True,True,0,1,False,47,41,6,-0.0008036261927024668,190.923354444529,-0.0008036261927024668,98.92335444452905,0.0,False,False,nan,True
163,0.010406017,-0.0010357522,1.590336e-05,1.32275435e-08,-0.0028074083,-4.634207e-06,True,True,0,1,False,47,41,6,0.0025640529316994787,190.92591849746069,0.0025640529316994787,98.92591849746076,0.0,False,False,nan,True
164,0.010406017,-0.0010357522,-3.3156018e-06,-2.5784308e-09,-0.002807375,9.875405e-07,True,True,0,1,False,47,41,6,0.0012621057745505482,190.92718060323523,0.0012621057745505482,98.92718060323531,0.0,False,False,nan,True
165,0.010405922,-0.0010357522,-7.3212273e-06,-7.173703e-09,-0.0028072796,2.1471578e-06,True,True,0,1,False,47,41,6,-0.0003815268748112999,190.92679907636042,-0.0003815268748112999,98.92679907636051,0.0,False,False,nan,True
166,0.010405922,-0.0010357522,-3.6848596e-06,-3.0131848e-09,-0.0028072316,1.1102611e-06,True,True,0,1,False,47,41,6,0.0003684332941489288,190.92716750965457,0.0003684332941489288,98.92716750965465,0.0,False,False,nan,True
167,0.010405922,-0.0010357522,-3.9096925e-08,1.6386137e-10,-0.002807232,9.4206285e-08,True,True,0,1,False,47,41,6,0.00036452979248835504,190.92753203944704,0.00036452979248835504,98.92753203944714,0.0,False,False,nan,True
168,0.010405922,-0.0010357522,1.1744506e-06,1.3025494e-09,-0.0028072547,-3.1990717e-07,True,True,0,1,False,47,41,6,-0.00011579386362114974,190.92741624558343,-0.00011579386362114974,98.92741624558352,0.0,False,False,nan,True
169,0.010405922,-0.0010357522,7.816937e-07,4.417592e-10,-0.0028072712,-2.1265203e-07,True,True,0,1,False,47,41,6,3.762265414053445e-05,190.92745386823756,3.762265414053445e-05,98.92745386823765,0.0,False,False,nan,True
170,0.010405922,-0.0010357522,1.2750522e-07,-1.5319616e-10,-0.002807273,-8.493545e-08,True,True,0,1,False,47,41,6,6.523258648982733e-05,190.92751910082404,6.523258648982733e-05,98.92751910082414,0.0,False,False,nan,True
171,0.010405922,-0.0010357522,-1.6606627e-07,3.1377778e-10,-0.0028072733,6.93772e-08,True,True,0,1,False,47,41,6,-3.879409838702941e-06,190.9275152214142,-3.879409838702941e-06,98.9275152214143,0.0,False,False,nan,True
172,0.010405922,-0.0010357522,-1.5262003e-07,-1.2435623e-10,-0.0028072654,8.354587e-08,True,True,0,1,False,47,41,6,2.136273018038537e-06,190.92751735768724,2.136273018038537e-06,98.92751735768732,0.0,False,False,nan,True
173,0.010405922,-0.0010357522,-6.140292e-08,-5.6376813e-11,-0.0028072584,7.685112e-08,True,True,0,1,False,47,41,6,9.820205583821462e-06,190.9275271778928,9.820205583821462e-06,98.9275271778929,0.0,False,False,nan,True
174,0.010405922,-0.0010357522,1.2807838e-08,-1.7130951e-09,-0.0028072558,-2.1048741e-08,True,True,0,1,False,47,41,6,5.104218654850001e-06,190.92753228211146,5.104218654850001e-06,98.92753228211156,0.0,False,False,nan,True
175,0.010405922,-0.0010357522,4.8120604e-08,2.5824384e-10,-0.0028072642,-9.1712096e-08,True,True,0,1,False,47,41,6,-4.358130222925638e-06,190.92752792398124,-4.358130222925638e-06,98.92752792398133,0.0,False,False,nan,True
176,0.010405922,-0.0010357522,4.739193e-08,4.917403e-10,-0.0028072658,-9.1099295e-08,True,True,0,1,False,47,41,6,-9.029997016796187e-08,190.92752783368127,-9.029997016796187e-08,98.92752783368135,0.0,False,False,nan,True
177,0.010405922,-0.0010357522,2.5203216e-08,-1.7131893e-09,-0.002807265,-5.5426874e-08,True,True,0,1,False,47,41,6,2.306442858923674e-06,190.92753014012413,2.306442858923674e-06,98.92753014012422,0.0,False,False,nan,True
178,0.010405922,-0.0010357522,0.0,0.0,-0.0028072612,0.0,True,True,0,1,False,47,41,6,100,290.92753014012413,100,198.92753014012422,0.0,True,False,nan,True
