HEIGHT_SCHEDULES = {
    "S001": [5, 5, 5, 5],
    "S002": [5, 5, 5, 10],
    "S003": [5, 5, 5, 25],
    "S004": [5, 5, 5, 50],
    "S005": [5, 5, 10, 5],
    "S006": [5, 5, 10, 10],
    "S007": [5, 5, 10, 25],
    "S008": [5, 5, 10, 50],
    "S009": [5, 5, 25, 5],
    "S010": [5, 5, 25, 10],
    "S011": [5, 5, 25, 25],
    "S012": [5, 5, 25, 50],
    "S013": [5, 5, 50, 5],
    "S014": [5, 5, 50, 10],
    "S015": [5, 5, 50, 25],
    "S016": [5, 5, 50, 50],
    "S017": [5, 10, 5, 5],
    "S018": [5, 10, 5, 10],
    "S019": [5, 10, 5, 25],
    "S020": [5, 10, 5, 50],
    "S021": [5, 10, 10, 5],
    "S022": [5, 10, 10, 10],
    "S023": [5, 10, 10, 25],
    "S024": [5, 10, 10, 50],
    "S025": [5, 10, 25, 5],
    "S026": [5, 10, 25, 10],
    "S027": [5, 10, 25, 25],
    "S028": [5, 10, 25, 50],
    "S029": [5, 10, 50, 5],
    "S030": [5, 10, 50, 10],
    "S031": [5, 10, 50, 25],
    "S032": [5, 10, 50, 50],
    "S033": [5, 25, 5, 5],
    "S034": [5, 25, 5, 10],
    "S035": [5, 25, 5, 25],
    "S036": [5, 25, 5, 50],
    "S037": [5, 25, 10, 5],
    "S038": [5, 25, 10, 10],
    "S039": [5, 25, 10, 25],
    "S040": [5, 25, 10, 50],
    "S041": [5, 25, 25, 5],
    "S042": [5, 25, 25, 10],
    "S043": [5, 25, 25, 25],
    "S044": [5, 25, 25, 50],
    "S045": [5, 25, 50, 5],
    "S046": [5, 25, 50, 10],
    "S047": [5, 25, 50, 25],
    "S048": [5, 25, 50, 50],
    "S049": [5, 50, 5, 5],
    "S050": [5, 50, 5, 10],
    "S051": [5, 50, 5, 25],
    "S052": [5, 50, 5, 50],
    "S053": [5, 50, 10, 5],
    "S054": [5, 50, 10, 10],
    "S055": [5, 50, 10, 25],
    "S056": [5, 50, 10, 50],
    "S057": [5, 50, 25, 5],
    "S058": [5, 50, 25, 10],
    "S059": [5, 50, 25, 25],
    "S060": [5, 50, 25, 50],
    "S061": [5, 50, 50, 5],
    "S062": [5, 50, 50, 10],
    "S063": [5, 50, 50, 25],
    "S064": [5, 50, 50, 50],
    "S065": [10, 5, 5, 5],
    "S066": [10, 5, 5, 10],
    "S067": [10, 5, 5, 25],
    "S068": [10, 5, 5, 50],
    "S069": [10, 5, 10, 5],
    "S070": [10, 5, 10, 10],
    "S071": [10, 5, 10, 25],
    "S072": [10, 5, 10, 50],
    "S073": [10, 5, 25, 5],
    "S074": [10, 5, 25, 10],
    "S075": [10, 5, 25, 25],
    "S076": [10, 5, 25, 50],
    "S077": [10, 5, 50, 5],
    "S078": [10, 5, 50, 10],
    "S079": [10, 5, 50, 25],
    "S080": [10, 5, 50, 50],
    "S081": [10, 10, 5, 5],
    "S082": [10, 10, 5, 10],
    "S083": [10, 10, 5, 25],
    "S084": [10, 10, 5, 50],
    "S085": [10, 10, 10, 5],
    "S086": [10, 10, 10, 10],
    "S087": [10, 10, 10, 25],
    "S088": [10, 10, 10, 50],
    "S089": [10, 10, 25, 5],
    "S090": [10, 10, 25, 10],
    "S091": [10, 10, 25, 25],
    "S092": [10, 10, 25, 50],
    "S093": [10, 10, 50, 5],
    "S094": [10, 10, 50, 10],
    "S095": [10, 10, 50, 25],
    "S096": [10, 10, 50, 50],
    "S097": [10, 25, 5, 5],
    "S098": [10, 25, 5, 10],
    "S099": [10, 25, 5, 25],
    "S100": [10, 25, 5, 50],
    "S101": [10, 25, 10, 5],
    "S102": [10, 25, 10, 10],
    "S103": [10, 25, 10, 25],
    "S104": [10, 25, 10, 50],
    "S105": [10, 25, 25, 5],
    "S106": [10, 25, 25, 10],
    "S107": [10, 25, 25, 25],
    "S108": [10, 25, 25, 50],
    "S109": [10, 25, 50, 5],
    "S110": [10, 25, 50, 10],
    "S111": [10, 25, 50, 25],
    "S112": [10, 25, 50, 50],
    "S113": [10, 50, 5, 5],
    "S114": [10, 50, 5, 10],
    "S115": [10, 50, 5, 25],
    "S116": [10, 50, 5, 50],
    "S117": [10, 50, 10, 5],
    "S118": [10, 50, 10, 10],
    "S119": [10, 50, 10, 25],
    "S120": [10, 50, 10, 50],
    "S121": [10, 50, 25, 5],
    "S122": [10, 50, 25, 10],
    "S123": [10, 50, 25, 25],
    "S124": [10, 50, 25, 50],
    "S125": [10, 50, 50, 5],
    "S126": [10, 50, 50, 10],
    "S127": [10, 50, 50, 25],
    "S128": [10, 50, 50, 50],
    "S129": [25, 5, 5, 5],
    "S130": [25, 5, 5, 10],
    "S131": [25, 5, 5, 25],
    "S132": [25, 5, 5, 50],
    "S133": [25, 5, 10, 5],
    "S134": [25, 5, 10, 10],
    "S135": [25, 5, 10, 25],
    "S136": [25, 5, 10, 50],
    "S137": [25, 5, 25, 5],
    "S138": [25, 5, 25, 10],
    "S139": [25, 5, 25, 25],
    "S140": [25, 5, 25, 50],
    "S141": [25, 5, 50, 5],
    "S142": [25, 5, 50, 10],
    "S143": [25, 5, 50, 25],
    "S144": [25, 5, 50, 50],
    "S145": [25, 10, 5, 5],
    "S146": [25, 10, 5, 10],
    "S147": [25, 10, 5, 25],
    "S148": [25, 10, 5, 50],
    "S149": [25, 10, 10, 5],
    "S150": [25, 10, 10, 10],
    "S151": [25, 10, 10, 25],
    "S152": [25, 10, 10, 50],
    "S153": [25, 10, 25, 5],
    "S154": [25, 10, 25, 10],
    "S155": [25, 10, 25, 25],
    "S156": [25, 10, 25, 50],
    "S157": [25, 10, 50, 5],
    "S158": [25, 10, 50, 10],
    "S159": [25, 10, 50, 25],
    "S160": [25, 10, 50, 50],
    "S161": [25, 25, 5, 5],
    "S162": [25, 25, 5, 10],
    "S163": [25, 25, 5, 25],
    "S164": [25, 25, 5, 50],
    "S165": [25, 25, 10, 5],
    "S166": [25, 25, 10, 10],
    "S167": [25, 25, 10, 25],
    "S168": [25, 25, 10, 50],
    "S169": [25, 25, 25, 5],
    "S170": [25, 25, 25, 10],
    "S171": [25, 25, 25, 25],
    "S172": [25, 25, 25, 50],
    "S173": [25, 25, 50, 5],
    "S174": [25, 25, 50, 10],
    "S175": [25, 25, 50, 25],
    "S176": [25, 25, 50, 50],
    "S177": [25, 50, 5, 5],
    "S178": [25, 50, 5, 10],
    "S179": [25, 50, 5, 25],
    "S180": [25, 50, 5, 50],
    "S181": [25, 50, 10, 5],
    "S182": [25, 50, 10, 10],
    "S183": [25, 50, 10, 25],
    "S184": [25, 50, 10, 50],
    "S185": [25, 50, 25, 5],
    "S186": [25, 50, 25, 10],
    "S187": [25, 50, 25, 25],
    "S188": [25, 50, 25, 50],
    "S189": [25, 50, 50, 5],
    "S190": [25, 50, 50, 10],
    "S191": [25, 50, 50, 25],
    "S192": [25, 50, 50, 50],
    "S193": [50, 5, 5, 5],
    "S194": [50, 5, 5, 10],
    "S195": [50, 5, 5, 25],
    "S196": [50, 5, 5, 50],
    "S197": [50, 5, 10, 5],
    "S198": [50, 5, 10, 10],
    "S199": [50, 5, 10, 25],
    "S200": [50, 5, 10, 50],
    "S201": [50, 5, 25, 5],
    "S202": [50, 5, 25, 10],
    "S203": [50, 5, 25, 25],
    "S204": [50, 5, 25, 50],
    "S205": [50, 5, 50, 5],
    "S206": [50, 5, 50, 10],
    "S207": [50, 5, 50, 25],
    "S208": [50, 5, 50, 50],
    "S209": [50, 10, 5, 5],
    "S210": [50, 10, 5, 10],
    "S211": [50, 10, 5, 25],
    "S212": [50, 10, 5, 50],
    "S213": [50, 10, 10, 5],
    "S214": [50, 10, 10, 10],
    "S215": [50, 10, 10, 25],
    "S216": [50, 10, 10, 50],
    "S217": [50, 10, 25, 5],
    "S218": [50, 10, 25, 10],
    "S219": [50, 10, 25, 25],
    "S220": [50, 10, 25, 50],
    "S221": [50, 10, 50, 5],
    "S222": [50, 10, 50, 10],
    "S223": [50, 10, 50, 25],
    "S224": [50, 10, 50, 50],
    "S225": [50, 25, 5, 5],
    "S226": [50, 25, 5, 10],
    "S227": [50, 25, 5, 25],
    "S228": [50, 25, 5, 50],
    "S229": [50, 25, 10, 5],
    "S230": [50, 25, 10, 10],
    "S231": [50, 25, 10, 25],
    "S232": [50, 25, 10, 50],
    "S233": [50, 25, 25, 5],
    "S234": [50, 25, 25, 10],
    "S235": [50, 25, 25, 25],
    "S236": [50, 25, 25, 50],
    "S237": [50, 25, 50, 5],
    "S238": [50, 25, 50, 10],
    "S239": [50, 25, 50, 25],
    "S240": [50, 25, 50, 50],
    "S241": [50, 50, 5, 5],
    "S242": [50, 50, 5, 10],
    "S243": [50, 50, 5, 25],
    "S244": [50, 50, 5, 50],
    "S245": [50, 50, 10, 5],
    "S246": [50, 50, 10, 10],
    "S247": [50, 50, 10, 25],
    "S248": [50, 50, 10, 50],
    "S249": [50, 50, 25, 5],
    "S250": [50, 50, 25, 10],
    "S251": [50, 50, 25, 25],
    "S252": [50, 50, 25, 50],
    "S253": [50, 50, 50, 5],
    "S254": [50, 50, 50, 10],
    "S255": [50, 50, 50, 25],
    "S256": [50, 50, 50, 50],
}
