step,x,y,vx,vy,angle,angular_velocity,left_leg_contact,right_leg_contact,navigation_action,current_fps,fresh_observation,n_fresh_observations,n_fresh_observations_before_touchdown,n_fresh_observations_after_touchdown,instant_nav_reward,cumulative_nav_reward,instant_adaptive_reward,cumulative_adaptive_reward,instant_frame_penalty,terminated,truncated,vy_at_touchdown,success
1,0.0071580885,1.4105473,0.36200917,-0.021132119,-0.008197883,-0.081156574,False,False,0,10,True,2,2,0,-0.36937303270818234,-0.36937303270818234,-2.3693730327081823,-2.3693730327081823,2.0,False,False,nan,False
2,0.010640907,1.4094768,0.34992892,-0.04758577,-0.009827246,-0.032590188,False,False,1,10,False,2,2,0,0.859488901531763,0.4901158688235807,0.859488901531763,-1.5098841311764193,0.0,False,False,nan,False
3,0.014030171,1.4077969,0.33818746,-0.07465919,-0.009103838,0.01446945,False,False,1,10,False,2,2,0,0.8892877975892202,1.3794036664128009,0.8892877975892202,-0.6205963335871991,0.0,False,False,nan,False
4,0.01732273,1.4055232,0.32607207,-0.101035975,-0.00595123,0.06305769,False,False,1,10,False,2,2,0,1.005307413547116,2.384711079959917,1.005307413547116,0.38471107995991694,0.0,False,False,nan,False
5,0.020533372,1.4026552,0.3157985,-0.12744875,-0.00074122916,0.10420976,False,False,1,10,False,2,2,0,0.8554672558320828,3.2401783357919998,0.8554672558320828,1.2401783357919998,0.0,False,False,nan,False
6,0.0236516,1.3991848,0.30420166,-0.15425335,0.0067896564,0.15063176,False,False,1,10,True,3,3,0,-0.34570508572033876,2.894473250071661,-2.345705085720339,-1.1055267499283392,2.0,False,False,nan,False
7,0.026769543,1.3951154,0.30417892,-0.18092543,0.014318802,0.15059665,False,False,0,10,False,3,3,0,-1.6359909879307395,1.2584822621409213,-1.6359909879307395,-2.7415177378590787,0.0,False,False,nan,False
8,0.029887294,1.3904464,0.30415645,-0.20759773,0.021847235,0.15058264,False,False,0,10,False,3,3,0,-1.7254515436605118,-0.4669692815195905,-1.7254515436605118,-4.4669692815195905,0.0,False,False,nan,False
9,0.03300476,1.3851784,0.30413455,-0.2342701,0.029374508,0.15055944,False,False,0,10,False,3,3,0,-1.7982793729906064,-2.265248654510197,-1.7982793729906064,-6.265248654510197,0.0,False,False,nan,False
10,0.036122035,1.3793108,0.3041125,-0.26094258,0.036900576,0.1505355,False,False,0,10,False,3,3,0,-1.8555555584772492,-4.120804212987446,-1.8555555584772492,-8.120804212987446,0.0,False,False,nan,False
11,0.039239027,1.3728442,0.3040906,-0.2876153,0.04442547,0.15051176,False,False,0,10,True,4,4,0,-1.8988751766001712,-6.019679389587617,-3.8988751766001712,-12.019679389587617,2.0,False,False,nan,False
12,0.042355727,1.3657782,0.3040688,-0.3142882,0.051949177,0.15048817,False,False,0,10,False,4,4,0,-1.9296389375654428,-7.94931832715306,-1.9296389375654428,-13.94931832715306,0.0,False,False,nan,False
13,0.045472242,1.358113,0.30404714,-0.34096134,0.059471708,0.15046464,False,False,0,10,False,4,4,0,-1.9493729390086685,-9.898691266161729,-1.9493729390086685,-15.898691266161729,0.0,False,False,nan,False
14,0.048588373,1.3498484,0.3040256,-0.36763465,0.06699308,0.1504412,False,False,0,10,False,4,4,0,-1.9594309064825381,-11.858122172644267,-1.9594309064825381,-17.858122172644265,0.0,False,False,nan,False
15,0.05170431,1.3409845,0.30400422,-0.39430815,0.074513294,0.15041783,False,False,0,10,False,4,4,0,-1.9611011062821149,-13.819223278926382,-1.9611011062821149,-19.81922327892638,0.0,False,False,nan,False
16,0.054819964,1.3315213,0.30398294,-0.42098185,0.082032345,0.15039453,False,False,0,10,True,5,5,0,-1.9554740997316458,-15.774697378658027,-3.9554740997316458,-23.774697378658026,2.0,False,False,nan,False
17,0.057935428,1.3214586,0.3039618,-0.44765574,0.08955022,0.15037137,False,False,0,10,False,5,5,0,-1.9435515295455161,-17.71824890820354,-1.9435515295455161,-25.71824890820354,0.0,False,False,nan,False
18,0.061050605,1.3107967,0.30394086,-0.47432983,0.09706695,0.15034835,False,False,0,10,False,5,5,0,-1.9262072735053835,-19.644456181708925,-1.9262072735053835,-27.644456181708925,0.0,False,False,nan,False
19,0.0641654,1.2995354,0.30392006,-0.5010041,0.10458254,0.15032546,False,False,0,10,False,5,5,0,-1.9041507748688389,-21.548606956577764,-1.9041507748688389,-29.548606956577764,0.0,False,False,nan,False
20,0.06728001,1.2876748,0.30389938,-0.5276786,0.11209701,0.15030263,False,False,0,10,False,5,5,0,-1.8780294575316248,-23.42663641410939,-1.8780294575316248,-31.42663641410939,0.0,False,False,nan,False
21,0.07039432,1.275215,0.30387884,-0.5543533,0.119610325,0.15027997,False,False,0,10,True,6,6,0,-1.848413338853021,-25.27504975296241,-3.848413338853021,-35.27504975296241,2.0,False,False,nan,False
22,0.073572636,1.262168,0.31193614,-0.5803483,0.12548524,0.11750869,False,False,3,10,False,6,6,0,-2.001923484902305,-27.276973237864716,-2.001923484902305,-37.276973237864716,0.0,False,False,nan,False
23,0.07684507,1.2485362,0.3237558,-0.60615313,0.12896673,0.069635764,False,False,3,10,False,6,6,0,-1.869763103156315,-29.146736341021033,-1.869763103156315,-39.14673634102103,0.0,False,False,nan,False
24,0.08020897,1.2343124,0.33521155,-0.6322703,0.1301443,0.023552924,False,False,3,10,False,6,6,0,-1.5932018678620625,-30.739938208883096,-1.5932018678620625,-40.739938208883096,0.0,False,False,nan,False
25,0.08363762,1.219484,0.34330234,-0.6590035,0.12970766,-0.008732652,False,False,3,10,False,6,6,0,-1.2724696742683068,-32.012407883151404,-1.2724696742683068,-42.012407883151404,0.0,False,False,nan,False
26,0.087143995,1.2040782,0.35309237,-0.68449,0.12726915,-0.048770748,False,False,3,10,True,7,7,0,-0.987297999412333,-32.99970588256374,-2.987297999412333,-44.99970588256374,2.0,False,False,nan,False
27,0.09057703,1.1880561,0.34386578,-0.7120429,0.12670597,-0.011263617,False,False,1,10,False,7,7,0,-0.454454220983705,-33.454160103547444,-0.454454220983705,-45.454160103547444,0.0,False,False,nan,False
28,0.093915366,1.1714109,0.3319686,-0.7399403,0.1285651,0.03718239,False,False,1,10,False,7,7,0,-0.6094290910614848,-34.06358919460893,-0.6094290910614848,-46.06358919460893,0.0,False,False,nan,False
29,0.097163394,1.1541421,0.3206076,-0.7678753,0.1327422,0.08354173,False,False,1,10,False,7,7,0,-0.8654899191469372,-34.92907911375587,-0.8654899191469372,-46.92907911375587,0.0,False,False,nan,False
30,0.10033379,1.136256,0.31085613,-0.79550207,0.13890299,0.12321589,False,False,1,10,False,7,7,0,-1.0875857972368397,-36.01666491099271,-1.0875857972368397,-48.01666491099271,0.0,False,False,nan,False
31,0.10343771,1.1177504,0.30249935,-0.82322687,0.14677665,0.15747271,False,False,1,10,True,8,8,0,-1.2986580254307671,-37.31532293642348,-3.2986580254307674,-51.31532293642348,2.0,False,False,nan,False
32,0.10649405,1.0995502,0.29755512,-0.8097187,0.15484105,0.161288,False,False,2,10,False,8,8,0,2.1151253890505304,-35.200197547372944,2.1151253890505304,-49.200197547372944,0.0,False,False,nan,False
33,0.109520055,1.0820101,0.29406267,-0.78046715,0.1633664,0.1705068,False,False,2,10,False,8,8,0,3.426432303968352,-31.773765243404593,3.426432303968352,-45.77376524340459,0.0,False,False,nan,False
34,0.112402245,1.0645365,0.28002968,-0.77752936,0.17157052,0.16408268,False,False,2,10,False,8,8,0,1.3488913300816534,-30.42487391332294,1.3488913300816534,-44.424873913322934,0.0,False,False,nan,False
35,0.11520014,1.047853,0.271244,-0.7424963,0.18012197,0.17102922,False,False,2,10,False,8,8,0,4.06655839696482,-26.35831551635812,4.06655839696482,-40.35831551635811,0.0,False,False,nan,False
36,0.11801805,1.03166,0.27259022,-0.72083503,0.1893685,0.18493065,False,False,2,10,True,9,9,0,2.3366542665621184,-24.021661249796004,0.3366542665621184,-40.02166124979599,2.0,False,False,nan,False
37,0.12071886,1.0156318,0.2609776,-0.7135499,0.1985271,0.18317182,False,False,2,10,False,9,9,0,1.4325354236159,-22.589125826180105,1.4325354236159,-38.58912582618009,0.0,False,False,nan,False
38,0.12316599,0.99998575,0.23617113,-0.69655335,0.20713274,0.1721127,False,False,2,10,False,9,9,0,2.7909161521465764,-19.79820967403353,2.7909161521465764,-35.79820967403351,0.0,False,False,nan,False
39,0.12555866,0.9844826,0.23051548,-0.69028294,0.21596317,0.17660877,False,False,2,10,False,9,9,0,1.1001510967900117,-18.69805857724352,1.1001510967900117,-34.69805857724349,0.0,False,False,nan,False
40,0.12783976,0.9688806,0.21953988,-0.694702,0.22462055,0.17314766,False,False,2,10,False,9,9,0,0.27107454298994754,-18.42698403425357,0.27107454298994754,-34.42698403425354,0.0,False,False,nan,False
41,0.13009319,0.95352376,0.21634111,-0.6839273,0.23373407,0.18227068,False,False,2,10,True,10,10,0,1.4045003857699896,-17.022483648483583,-0.5954996142300104,-35.02248364848355,2.0,False,False,nan,False
42,0.13234273,0.9385835,0.21528585,-0.6655852,0.24355714,0.19646151,False,False,2,10,False,10,10,0,1.9458073109822578,-15.076676337501326,1.9458073109822578,-33.07667633750129,0.0,False,False,nan,False
43,0.1342576,0.9243679,0.18235293,-0.633347,0.25286382,0.18613347,False,False,2,10,False,10,10,0,4.195507804321278,-10.881168533180048,4.195507804321278,-28.881168533180013,0.0,False,False,nan,False
44,0.13595486,0.91100895,0.16046509,-0.59536093,0.2623202,0.18912737,False,False,2,10,False,10,10,0,4.298218289903912,-6.582950243276136,4.298218289903912,-24.582950243276102,0.0,False,False,nan,False
45,0.13740683,0.89762235,0.13656588,-0.59653157,0.27113786,0.176354,False,False,2,10,False,10,10,0,0.5844013279768319,-5.998548915299304,0.5844013279768319,-23.99854891529927,0.0,False,False,nan,False
46,0.13867216,0.88459283,0.11796637,-0.58070034,0.27991486,0.17554049,False,False,2,10,True,11,11,0,2.0308027638885564,-3.967746151410748,0.030802763888556406,-23.967746151410715,2.0,False,False,nan,False
47,0.13999891,0.87100285,0.12580416,-0.60533524,0.28697076,0.14111856,False,False,3,10,False,11,11,0,-1.9850302705645209,-5.952776421975269,-1.9850302705645209,-25.952776421975237,0.0,False,False,nan,False
48,0.14141026,0.85684174,0.13643967,-0.63030803,0.2918028,0.09664065,False,False,3,10,False,11,11,0,-1.8018507835010371,-7.754627205476306,-1.8018507835010371,-27.754627205476275,0.0,False,False,nan,False
49,0.14288302,0.8421105,0.14420283,-0.65534276,0.29496837,0.06331168,False,False,3,10,False,11,11,0,-1.529377029701634,-9.28400423517794,-1.529377029701634,-29.28400423517791,0.0,False,False,nan,False
50,0.14442177,0.82680416,0.15250978,-0.6805529,0.29638234,0.02827922,False,False,3,10,False,11,11,0,-1.3302185884204494,-10.61422282359839,-1.3302185884204494,-30.61422282359836,0.0,False,False,nan,False
51,0.14602461,0.8109276,0.16059253,-0.70556664,0.29606578,-0.0063314056,False,False,3,10,True,12,12,0,-1.0810658103208641,-11.695288633919253,-3.0810658103208644,-33.695288633919226,2.0,False,False,nan,False
52,0.14737597,0.79568154,0.13544747,-0.6775433,0.29574415,-0.006432512,False,False,2,10,False,12,12,0,4.473956897029734,-7.2213317368895185,4.473956897029734,-29.221331736889493,0.0,False,False,nan,False
53,0.14860782,0.7804124,0.12349914,-0.67855626,0.2954124,-0.0066350317,False,False,2,10,False,12,12,0,1.3357131319467725,-5.885618604942746,1.3357131319467725,-27.88561860494272,0.0,False,False,nan,False
54,0.14962034,0.76563966,0.1015635,-0.6565019,0.2950953,-0.006341671,False,False,2,10,False,12,12,0,3.7022327488871953,-2.1833858560555504,3.7022327488871953,-24.183385856055526,0.0,False,False,nan,False
55,0.15063839,0.7510643,0.101392046,-0.64788383,0.29551768,0.008447514,False,False,2,10,False,12,12,0,1.921965098134433,-0.2614207579211174,1.921965098134433,-22.261420757921094,0.0,False,False,nan,False
56,0.15140668,0.7365599,0.07690602,-0.6446232,0.29543805,-0.001592363,False,False,2,10,True,13,13,0,1.771610011277329,1.5101892533562116,-0.22838998872267102,-22.489810746643766,2.0,False,False,nan,False
57,0.15192279,0.72235537,0.051980726,-0.6312362,0.29505056,-0.0077496036,False,False,2,10,False,13,13,0,2.7011329270572846,4.211322180413497,2.7011329270572846,-19.788677819586482,0.0,False,False,nan,False
58,0.15204182,0.7087734,0.012924324,-0.603441,0.294003,-0.020951016,False,False,2,10,False,13,13,0,4.110188216546288,8.321510396959784,4.110188216546288,-15.678489603040195,0.0,False,False,nan,False
59,0.1519312,0.69593424,-0.010230441,-0.57045525,0.29313898,-0.017280791,False,False,2,10,False,13,13,0,4.346849557244366,12.66835995420415,4.346849557244366,-11.33164004579583,0.0,False,False,nan,False
60,0.15142974,0.6837623,-0.04872538,-0.5406857,0.2916742,-0.029295534,False,False,2,10,False,13,13,0,3.813059106134671,16.48141906033882,3.813059106134671,-7.518580939661159,0.0,False,False,nan,False
61,0.15087613,0.6720075,-0.05458507,-0.52228093,0.29088107,-0.015862783,False,False,2,10,True,14,14,0,2.7137844561372164,19.195203516476035,0.7137844561372164,-6.804796483523942,2.0,False,False,nan,False
62,0.1503892,0.6596924,-0.046132583,-0.54682785,0.28823635,-0.052894086,False,False,3,10,False,14,14,0,-0.9181004835527335,18.2771030329233,-0.9181004835527335,-7.722896967076676,0.0,False,False,nan,False
63,0.1499834,0.64682096,-0.035837352,-0.5711391,0.28336176,-0.09749178,False,False,3,10,False,14,14,0,-0.6282290279172276,17.64887400500607,-0.6282290279172276,-8.351125994993904,0.0,False,False,nan,False
64,0.14966288,0.6333844,-0.025088817,-0.59584033,0.27621287,-0.14297795,False,False,3,10,False,14,14,0,-0.41011453069208303,17.238759474313987,-0.41011453069208303,-8.761240525685986,0.0,False,False,nan,False
65,0.14941263,0.61937815,-0.016233489,-0.6208704,0.2671891,-0.18047553,False,False,3,10,False,14,14,0,-0.2308996496772113,17.007859824636775,-0.2308996496772113,-8.992140175363197,0.0,False,False,nan,False
66,0.14925413,0.6048076,-0.0046350514,-0.64557093,0.25572884,-0.22920537,False,False,3,10,True,15,15,0,0.08481213136482893,17.092671956001602,-1.915187868635171,-10.907328043998367,2.0,False,False,nan,False
67,0.14883003,0.5905633,-0.030700201,-0.63108337,0.24380311,-0.23851427,False,False,2,10,False,15,15,0,3.660730884261409,20.75340284026301,3.660730884261409,-7.246597159736958,0.0,False,False,nan,False
68,0.14837179,0.5769091,-0.034807775,-0.6050664,0.23261046,-0.22385304,False,False,2,10,False,15,15,0,4.730065070470357,25.483467910733367,4.730065070470357,-2.516532089266601,0.0,False,False,nan,False
69,0.14783831,0.5638265,-0.042780437,-0.579819,0.22191319,-0.21394578,False,False,2,10,False,15,15,0,4.516565923036706,30.000033833770072,4.516565923036706,2.0000338337701047,0.0,False,False,nan,False
70,0.14723063,0.5515892,-0.05083219,-0.5424188,0.21186201,-0.20102374,False,False,2,10,False,15,15,0,5.56366108865218,35.56369492242225,5.56366108865218,7.563694922422284,0.0,False,False,nan,False
71,0.1465806,0.5393633,-0.055236686,-0.5420014,0.20201682,-0.1969041,False,False,2,10,True,16,16,0,1.880608606228759,37.44430352865101,-0.11939139377124097,7.4443035286510435,2.0,False,False,nan,False
72,0.14593048,0.5265387,-0.055234194,-0.568676,0.19217168,-0.19690275,False,False,0,10,False,16,16,0,-0.41587792328914475,37.02842560536187,-0.41587792328914475,7.028425605361899,0.0,False,False,nan,False
73,0.14528017,0.51311547,-0.05523182,-0.59535056,0.1823266,-0.19690146,False,False,0,10,False,16,16,0,-0.3608776711739665,36.6675479341879,-0.3608776711739665,6.667547934187932,0.0,False,False,nan,False
74,0.14462976,0.49909344,-0.055229567,-0.62202525,0.1724816,-0.19690013,False,False,0,10,False,16,16,0,-0.30612239620242576,36.361425537985475,-0.30612239620242576,6.3614255379855065,0.0,False,False,nan,False
75,0.14397916,0.4844727,-0.05522743,-0.6486999,0.16263665,-0.19689882,False,False,0,10,False,16,16,0,-0.2516918126732435,36.10973372531223,-0.2516918126732435,6.109733725312263,0.0,False,False,nan,False
76,0.14332838,0.46925327,-0.055225413,-0.67537457,0.15279178,-0.19689749,False,False,0,10,True,17,17,0,-0.19770858011889914,35.91202514519333,-2.197708580118899,3.912025145193364,2.0,False,False,nan,False
77,0.14261246,0.4534266,-0.06337489,-0.70258445,0.14459108,-0.16401377,False,False,1,10,False,17,17,0,-0.45784030814760857,35.45418483704572,-0.45784030814760857,3.454184837045755,0.0,False,False,nan,False
78,0.14183827,0.436981,-0.07070466,-0.7302791,0.13789901,-0.13384134,False,False,1,10,False,17,17,0,-0.5963803845960445,34.85780445244968,-0.5963803845960445,2.8578044524497104,0.0,False,False,nan,False
79,0.14099789,0.41991335,-0.079039775,-0.75810844,0.1329208,-0.09956404,False,False,1,10,False,17,17,0,-0.7374763720385704,34.120328080411106,-0.7374763720385704,2.1203280804111397,0.0,False,False,nan,False
80,0.1400793,0.4022287,-0.088870555,-0.7857214,0.1299414,-0.059588164,False,False,1,10,False,17,17,0,-0.8803748589008069,33.2399532215103,-0.8803748589008069,1.2399532215103328,0.0,False,False,nan,False
81,0.13907862,0.38393134,-0.099160776,-0.8131384,0.1290421,-0.017986184,False,False,1,25,True,18,18,0,-1.025460695889733,32.214492525620564,-3.025460695889733,-1.7855074743794004,2.0,False,False,nan,False
82,0.1378893,0.36657867,-0.11778295,-0.77113223,0.12789062,-0.023029558,False,False,2,25,False,18,18,0,5.392935905090565,37.60742843071113,5.392935905090565,3.607428430711164,0.0,False,False,nan,False
83,0.13678713,0.3492706,-0.1097095,-0.76920205,0.1273936,-0.009940134,False,False,2,25,True,19,19,0,1.713977291843119,39.32140572255425,-0.2860227081568809,3.3214057225542835,2.0,False,False,nan,False
84,0.13579264,0.3322459,-0.09979717,-0.7566835,0.12773658,0.0068601393,False,False,2,25,False,19,19,0,2.6583462455465083,41.979751968100764,2.6583462455465083,5.979751968100792,0.0,False,False,nan,False
85,0.13459674,0.31605715,-0.119585946,-0.71949923,0.12771985,-0.00033479827,False,False,2,25,True,20,20,0,4.628461456440005,46.60821342454077,2.6284614564400046,8.608213424540796,2.0,False,False,nan,False
86,0.13345747,0.3004731,-0.11464365,-0.6926853,0.12843752,0.01435343,False,False,2,25,False,20,20,0,3.8289032367681104,50.437116661308885,3.8289032367681104,12.437116661308906,0.0,False,False,nan,False
87,0.13229704,0.28482223,-0.11688365,-0.69566834,0.12926845,0.01661909,False,False,2,25,True,21,21,0,0.7588118528927736,51.19592851420166,-1.2411881471072264,11.195928514201679,2.0,False,False,nan,False
88,0.13087034,0.26989684,-0.14280681,-0.66336215,0.12940586,0.0027481972,False,False,2,25,False,21,21,0,3.7818065753701235,54.97773508957179,3.7818065753701235,14.977735089571802,0.0,False,False,nan,False
89,0.12935695,0.2554197,-0.15150148,-0.64344245,0.12956297,0.003142355,False,False,2,25,True,22,22,0,2.800863610869354,57.778598700441144,0.8008636108693539,15.778598700441155,2.0,False,False,nan,False
90,0.12788543,0.241846,-0.14810863,-0.6033577,0.13051192,0.018979061,False,False,2,25,False,22,22,0,4.855025861684493,62.63362456212564,4.855025861684493,20.633624562125647,0.0,False,False,nan,False
91,0.12618665,0.228251,-0.1700099,-0.60423553,0.1306516,0.0027935135,False,False,2,25,True,23,23,0,0.32003657515833767,62.95366113728398,-1.6799634248416624,18.953661137283984,2.0,False,False,nan,False
92,0.124399945,0.21505816,-0.17881116,-0.5863598,0.13079068,0.0027819218,False,False,2,25,False,23,23,0,2.3903690123509707,65.34403014963495,2.3903690123509707,21.344030149634953,0.0,False,False,nan,False
93,0.1226429,0.20201005,-0.17629144,-0.57996804,0.13136522,0.011490993,False,False,2,25,True,24,24,0,1.5395257894522387,66.88355593908719,-0.4604742105477613,20.88355593908719,2.0,False,False,nan,False
94,0.12091875,0.18914925,-0.17346044,-0.571682,0.13240968,0.020888831,False,False,2,25,False,24,24,0,1.653459692160962,68.53701563124815,1.653459692160962,22.537015631248153,0.0,False,False,nan,False
95,0.11926804,0.17644309,-0.16676298,-0.56487066,0.13409843,0.033775292,False,False,2,25,True,25,25,0,1.5281931394449344,70.06520877069309,-0.4718068605550656,22.065208770693086,2.0,False,False,nan,False
96,0.11761208,0.16379665,-0.16754064,-0.5622397,0.13603526,0.038736634,False,False,2,25,False,25,25,0,0.8688171643830997,70.93402593507619,0.8688171643830997,22.934025935076185,0.0,False,False,nan,False
97,0.11574526,0.15153638,-0.18807787,-0.5450275,0.13741826,0.027659982,False,False,2,25,True,26,26,0,1.6686989711474467,72.60272490622364,-0.3313010288525533,22.60272490622363,2.0,False,False,nan,False
98,0.11385374,0.13942388,-0.19074914,-0.53848255,0.1390044,0.03172289,False,False,2,25,False,26,26,0,1.138931253068361,73.741656159292,1.138931253068361,23.741656159291992,0.0,False,False,nan,False
99,0.111924455,0.12790054,-0.19485064,-0.5123309,0.14092675,0.038447067,False,False,2,25,True,27,27,0,2.8261013550905405,76.56775751438255,0.8261013550905405,24.56775751438253,2.0,False,False,nan,False
100,0.11000881,0.11715311,-0.19414487,-0.47790912,0.14350836,0.05163197,False,False,2,25,False,27,27,0,3.5963426798093936,80.16410019419195,3.5963426798093936,28.164100194191924,0.0,False,False,nan,False
101,0.10809288,0.10738028,-0.19488269,-0.43466893,0.14678305,0.06549384,False,False,2,25,True,28,28,0,4.155023016675554,84.3191232108675,2.155023016675554,30.319123210867478,2.0,False,False,nan,False
102,0.10625706,0.09703611,-0.18477292,-0.45985928,0.14797316,0.023801852,False,False,3,25,False,28,28,0,-1.2259311932311607,83.09319201763634,-1.2259311932311607,29.093192017636316,0.0,False,False,nan,False
103,0.10451822,0.08611222,-0.17258742,-0.48537862,0.14668569,-0.025749411,False,False,3,25,True,29,29,0,-1.0094859952430955,82.08370602239324,-3.0094859952430957,26.08370602239322,2.0,False,False,nan,False
104,0.102585316,0.075299345,-0.19142914,-0.48039088,0.14483075,-0.037098724,False,False,2,25,False,29,29,0,0.5045424943065313,82.58824851669978,0.5045424943065313,26.58824851669975,0.0,False,False,nan,False
105,0.1007164,0.06511446,-0.18587777,-0.4525643,0.1438155,-0.020304563,False,False,2,25,True,30,30,0,3.321560256877814,85.9098087735776,1.321560256877814,27.909808773577563,2.0,False,False,nan,False
106,0.098861694,0.055560432,-0.18506363,-0.4245823,0.14341016,-0.008106972,False,False,2,25,False,30,30,0,3.0020592348897255,88.91186800846732,3.0020592348897255,30.911868008467287,0.0,False,False,nan,False
107,0.09689359,0.046571884,-0.19640353,-0.39945358,0.14299956,-0.008212071,False,False,2,25,True,31,31,0,2.134544823742613,91.04641283220994,0.13454482374261278,31.0464128322099,2.0,False,False,nan,False
108,0.095001504,0.036988817,-0.18688595,-0.4256903,0.14067934,-0.04640437,False,False,3,25,False,31,31,0,-1.2203852942855906,89.82602753792435,-1.2203852942855906,29.826027537924308,0.0,False,False,nan,False
109,0.093168736,0.026817594,-0.17942607,-0.45169938,0.1368451,-0.076685004,False,False,3,25,True,32,32,0,-1.2592790045827644,88.56674853334158,-3.2592790045827646,26.566748533341542,2.0,False,False,nan,False
110,0.09118652,0.017392097,-0.19425026,-0.41855267,0.13289276,-0.07904669,False,False,2,25,False,32,32,0,2.9672460275774144,91.533994560919,2.9672460275774144,29.533994560918956,0.0,False,False,nan,False
111,0.08914604,0.008696768,-0.20036165,-0.38613215,0.129217,-0.07351481,False,True,2,25,True,33,33,0,13.034832844474561,104.56882740539356,11.034832844474561,40.56882740539352,2.0,False,False,0.38613215,True
112,0.08690119,0.0013979054,-0.20346105,-0.32343462,0.10657696,-0.45512682,False,True,2,25,False,33,33,0,7.520958636015249,112.08978604140881,7.520958636015249,48.08978604140877,0.0,False,False,nan,True
113,0.084523775,-0.0040369653,-0.19576374,-0.23906279,0.06512074,-0.82893324,False,True,2,10,True,34,33,1,11.386687223479601,123.47647326488841,9.386687223479601,57.47647326488837,2.0,False,False,nan,True
114,0.081969164,-0.0088242795,-0.21093631,-0.21143535,0.021098323,-0.88048726,True,False,2,10,False,34,33,1,5.352710521052697,128.8291837859411,5.352710521052697,62.82918378594107,0.0,False,False,nan,True
115,0.07954979,-0.012627008,-0.21578829,-0.16901042,-0.0033687958,-0.48764992,True,False,2,10,False,34,33,1,4.119178040931051,132.94836182687214,4.119178040931051,66.94836182687212,0.0,False,False,nan,True
116,0.07731352,-0.015181794,-0.2187953,-0.11356275,-0.008139673,-0.095418856,True,False,2,10,False,34,33,1,2.15702811831422,135.10538994518637,2.15702811831422,69.10538994518633,0.0,False,False,nan,True
117,0.07517882,-0.015991928,-0.21943867,-0.035998896,-0.0023235383,0.11622759,True,True,2,10,False,34,33,1,12.888481291904036,147.99387123709042,12.888481291904036,81.99387123709036,0.0,False,False,nan,True
118,0.07299404,-0.015913036,-0.22589955,0.00345711,0.004674361,0.13955306,True,True,2,10,True,35,33,2,-0.6752530670168035,147.31861817007362,-2.6752530670168033,79.31861817007356,2.0,False,False,nan,True
119,0.07094097,-0.015433457,-0.20862038,0.021295844,0.007937695,0.06525614,True,True,3,10,False,35,33,2,1.4766273609983014,148.7952455310719,1.4766273609983014,80.79524553107187,0.0,False,False,nan,True
120,0.06904211,-0.014577224,-0.18950248,0.038056634,0.0075651854,-0.00744765,True,True,3,10,False,35,33,2,1.8527108671304415,150.64795639820235,1.8527108671304415,82.64795639820231,0.0,False,False,nan,True
121,0.06732778,-0.013398948,-0.16943422,0.0523783,0.0056035756,-0.039222285,True,True,3,10,False,35,33,2,1.9518231343675236,152.59977953256987,1.9518231343675236,84.59977953256984,0.0,False,False,nan,True
122,0.065796375,-0.012004378,-0.15156642,0.061988667,0.004059373,-0.03087299,True,True,3,10,False,35,33,2,1.660256357178665,154.26003588974854,1.660256357178665,86.26003588974851,0.0,False,False,nan,True
123,0.06443243,-0.010515144,-0.13583791,0.06619437,0.0035147823,-0.010882889,True,True,3,1,True,36,33,3,1.4487045935284801,155.708740483277,-0.5512954064715199,85.70874048327698,2.0,False,False,nan,True
124,0.063137814,-0.009050515,-0.1304519,0.06509572,0.0044906284,0.019521112,True,True,0,1,False,36,33,3,0.5842316030202497,156.29297208629725,0.5842316030202497,86.29297208629723,0.0,False,False,nan,True
125,0.061888408,-0.007708087,-0.12591287,0.059665132,0.005453004,0.019250032,True,True,0,1,False,36,33,3,0.6911659314444059,156.98413801774166,0.6911659314444059,86.98413801774163,0.0,False,False,nan,True
126,0.060672283,-0.006553378,-0.12195691,0.05132147,0.0057885293,0.0067135864,True,True,0,1,False,36,33,3,0.8024462911334247,157.7865843088751,0.8024462911334247,87.78658430887505,0.0,False,False,nan,True
127,0.059488107,-0.0056138183,-0.11825844,0.04175912,0.005635209,-0.003063834,True,True,0,1,False,36,33,3,0.8326715932952382,158.61925590217032,0.8326715932952382,88.6192559021703,0.0,False,False,nan,True
128,0.058340646,-0.004879072,-0.11447908,0.03265547,0.00537934,-0.005116477,True,True,0,1,False,36,33,3,0.7833271825226653,159.402583084693,0.7833271825226653,89.40258308469296,0.0,False,False,nan,True
129,0.05723648,-0.004307797,-0.11032983,0.025389967,0.0052901134,-0.0017856074,True,True,0,1,False,36,33,3,0.7067095952842131,160.10929267997722,0.7067095952842131,90.10929267997717,0.0,False,False,nan,True
130,0.05618162,-0.0038388039,-0.10562184,0.020843698,0.005419829,0.0025910572,True,True,0,1,False,36,33,3,0.6510767708139902,160.76036945079122,0.6510767708139902,90.76036945079116,0.0,False,False,nan,True
131,0.055181406,-0.0034040355,-0.10028775,0.019316964,0.005678618,0.0051717237,True,True,0,1,False,36,33,3,0.629522128447082,161.3898915792383,0.629522128447082,91.38989157923824,0.0,False,False,nan,True
132,0.054240417,-0.0029413367,-0.09437653,0.02056526,0.005947602,0.005375819,True,True,0,1,False,36,33,3,0.6237190337644822,162.01361061300278,0.6237190337644822,92.01361061300273,0.0,False,False,nan,True
133,0.05336218,-0.0024029994,-0.088026255,0.02392459,0.006148573,0.004016657,True,True,0,1,False,36,33,3,0.6074519817022992,162.62106259470508,0.6074519817022992,92.62106259470502,0.0,False,False,nan,True
134,0.052549075,-0.0017620587,-0.08142595,0.028486708,0.0062573343,0.0021731989,True,True,0,1,False,36,33,3,0.5683285293710156,163.1893911240761,0.5683285293710156,93.18939112407604,0.0,False,False,nan,True
135,0.051742077,-0.001193037,-0.07628755,0.025304858,0.001910817,-0.08692561,True,True,0,1,False,36,33,3,1.1059540672717603,164.29534519134788,1.1059540672717603,94.29534519134779,0.0,False,False,nan,True
136,0.050983526,-0.0011425042,-0.07545458,0.0022481487,0.0015186423,-0.007843533,True,True,0,1,False,36,33,3,0.6038536110136299,164.8991988023615,0.6038536110136299,94.89919880236143,0.0,False,False,nan,True
137,0.050280094,-0.0011456513,-0.07035447,-0.00013878393,0.0015218293,6.261163e-05,True,True,0,1,False,36,33,3,0.5833446940958211,165.4825434964573,0.5833446940958211,95.48254349645725,0.0,False,False,nan,True
138,0.049633406,-0.001146009,-0.06467169,-1.735276e-05,0.0015222076,7.817019e-06,True,True,0,1,False,36,33,3,0.6329042874210717,166.11544778387838,0.6329042874210717,96.11544778387832,0.0,False,False,nan,True
139,0.049043275,-0.001146009,-0.059010953,7.1095116e-07,0.0015221873,-3.3213843e-07,True,True,0,1,False,36,33,3,0.6250733788727505,166.74052116275112,0.6250733788727505,96.74052116275108,0.0,False,False,nan,True
140,0.048509695,-0.001146009,-0.053354103,1.3189938e-07,0.0015221793,-8.3482796e-08,True,True,0,1,False,36,33,3,0.6190291821204212,167.35955034487154,0.6190291821204212,97.35955034487151,0.0,False,False,nan,True
141,0.04803276,-0.001146009,-0.047697358,-4.0539735e-08,0.0015221864,5.062777e-08,True,True,0,1,False,36,33,3,0.613353709944878,167.9729040548164,0.613353709944878,97.97290405481638,0.0,False,False,nan,True
142,0.04761238,-0.001146009,-0.042040534,-4.1061067e-08,0.0015221931,5.7473265e-08,True,True,0,1,False,36,33,3,0.6077072884230788,168.5806113432395,0.6077072884230788,98.58061134323947,0.0,False,False,nan,True
143,0.047248553,-0.001146009,-0.03638368,-3.25747e-08,0.0015221937,5.5759397e-08,True,True,0,1,False,36,33,3,0.6020576312674581,169.18266897450695,0.6020576312674581,99.18266897450692,0.0,False,False,nan,True
144,0.04694128,-0.001146009,-0.030726826,-2.2998446e-08,0.0015222011,6.128506e-08,True,True,0,1,False,36,33,3,0.5964028796484033,169.77907185415535,0.5964028796484033,99.77907185415533,0.0,False,False,nan,True
145,0.04669056,-0.001146009,-0.02506997,-1.3672426e-08,0.0015222124,1.231628e-07,True,True,0,1,False,36,33,3,0.5907490898190044,170.36982094397436,0.5907490898190044,100.36982094397433,0.0,False,False,nan,True
146,0.04649639,-0.001146009,-0.019413114,-5.409136e-09,0.0015222221,1.1789361e-07,True,True,0,1,False,36,33,3,0.5850956021327107,170.95491654610709,0.5850956021327107,100.95491654610704,0.0,False,False,nan,True
147,0.046358872,-0.001146009,-0.01375626,-4.740924e-10,0.0015222317,9.11858e-08,True,True,0,1,False,36,33,3,0.579432161658513,171.5343487077656,0.579432161658513,101.53434870776556,0.0,False,False,nan,True
148,0.046277903,-0.001146009,-0.008099405,3.2219498e-09,0.0015222392,7.391635e-08,True,True,0,1,False,36,33,3,0.5737790281019635,172.10812773586755,0.5737790281019635,102.10812773586753,0.0,False,False,nan,True
149,0.04625349,-0.001146009,-0.0024425504,4.350474e-09,0.0015222478,7.029695e-08,True,True,0,1,False,36,33,3,0.5681252397249423,172.6762529755925,0.5681252397249423,102.67625297559246,0.0,False,False,nan,True
150,0.04626379,-0.001146009,0.0010449325,7.6708005e-07,0.0015067514,-0.00030129665,True,True,0,1,False,36,33,3,0.14028173078858863,172.81653470638108,0.14028173078858863,102.81653470638105,0.0,False,False,nan,True
151,0.04627819,-0.001146009,0.0014721106,1.0715491e-06,0.0014849287,-0.00042446377,True,True,0,1,False,36,33,3,-0.04197515325004808,172.77455955313104,-0.04197515325004808,102.774559553131,0.0,False,False,nan,True
152,0.046284296,-0.001146009,0.0006162401,4.4701204e-07,0.0014757833,-0.00017766413,True,True,0,1,False,36,33,3,0.08589145288878619,172.86045100601982,0.08589145288878619,102.86045100601979,0.0,False,False,nan,True
153,0.046283532,-0.001146009,-7.773593e-05,-5.375235e-08,0.0014769046,2.2436838e-05,True,True,0,1,False,36,33,3,0.05381456896455461,172.91426557498437,0.05381456896455461,102.91426557498434,0.0,False,False,nan,True
154,0.04628105,-0.001146009,-0.0002503815,-1.7938055e-07,0.0014805963,7.219703e-05,True,True,0,1,False,36,33,3,-0.0173858479691944,172.89687972701518,-0.0173858479691944,102.89687972701515,0.0,False,False,nan,True
155,0.046279717,-0.001146009,-0.00013726021,-1.0155137e-07,0.0014826183,3.9577943e-05,True,True,0,1,False,36,33,3,0.011243404759024855,172.9081231317742,0.011243404759024855,102.90812313177418,0.0,False,False,nan,True
156,0.046279717,-0.001146009,-7.836802e-06,-4.281943e-09,0.0014827326,2.2632128e-06,True,True,0,1,False,36,33,3,0.01293091212739661,172.9210540439016,0.01293091212739661,102.92105404390158,0.0,False,False,nan,True
157,0.046280004,-0.001146009,3.944407e-05,2.9769906e-08,0.0014821459,-1.1371686e-05,True,True,0,1,False,36,33,3,-0.003130655847099817,172.9179233880545,-0.003130655847099817,102.91792338805448,0.0,False,False,nan,True
158,0.046280287,-0.001146009,2.8136468e-05,2.058022e-08,0.00148172,-8.116463e-06,True,True,0,1,False,36,33,3,0.0011447436988216708,172.91906813175333,0.0011447436988216708,102.91906813175329,0.0,False,False,nan,True
159,0.046280384,-0.001146009,5.462035e-06,3.5865697e-09,0.0014816277,-1.6001388e-06,True,True,0,1,False,36,33,3,0.0022671419277724425,172.9213352736811,0.0022671419277724425,102.92133527368107,0.0,False,False,nan,True
160,0.046280287,-0.001146009,-5.5878477e-06,-3.8174526e-09,0.0014817239,1.6143706e-06,True,True,0,1,False,36,33,3,-1.2663392425338316e-05,172.92132261028868,-1.2663392425338316e-05,102.92132261028864,0.0,False,False,nan,True
161,0.046280194,-0.001146009,-5.401309e-06,-3.740204e-09,0.0014818168,1.5820254e-06,True,True,0,1,False,36,33,3,1.8897760732272673e-05,172.9213415080494,1.8897760732272673e-05,102.92134150804938,0.0,False,False,nan,True
162,0.046280194,-0.001146009,-1.7030658e-06,-1.2650685e-09,0.0014818322,5.237242e-07,True,True,0,1,False,36,33,3,0.0003682760786638539,172.92170978412807,0.0003682760786638539,102.92170978412804,0.0,False,False,nan,True
163,0.046280194,-0.001146009,6.526878e-07,8.3085633e-10,0.0014818228,-2.005404e-07,True,True,0,1,False,36,33,3,0.00010598075597556544,172.92181576488406,0.00010598075597556544,102.92181576488402,0.0,False,False,nan,True
164,0.046280194,-0.001146009,9.844457e-07,7.911839e-10,0.0014817987,-3.4796582e-07,True,True,0,1,False,36,33,3,-3.076597459994446e-05,172.92178499890946,-3.076597459994446e-05,102.92178499890942,0.0,False,False,nan,True
165,0.046280194,-0.001146009,4.3709542e-07,6.0860947e-12,0.0014817909,-1.8415652e-07,True,True,0,1,False,36,33,3,5.5515042689080474e-05,172.92184051395213,5.5515042689080474e-05,102.9218405139521,0.0,False,False,nan,True
166,0.046280194,-0.001146009,-5.344512e-08,-1.1277865e-10,0.0014817888,9.3093504e-08,True,True,0,1,False,36,33,3,3.857456594857922e-05,172.9218790885181,3.857456594857922e-05,102.92187908851805,0.0,False,False,nan,True
167,0.046280194,-0.001146009,-1.7837593e-07,-8.918858e-10,0.0014817878,7.1905035e-08,True,True,0,1,False,36,33,3,-1.2388517419026357e-05,172.9218667000007,-1.2388517419026357e-05,102.92186670000063,0.0,False,False,nan,True
168,0.046280194,-0.001146009,-1.0543656e-07,4.8927924e-11,0.0014817928,8.577619e-08,True,True,0,1,False,36,33,3,6.793572003616077e-06,172.9218734935727,6.793572003616077e-06,102.92187349357263,0.0,False,False,nan,True
169,0.046280194,-0.001146009,-3.2593974e-08,-1.7662483e-09,0.0014817909,8.3169255e-08,True,True,0,1,False,36,33,3,7.465742301704381e-06,172.921880959315,7.465742301704381e-06,102.92188095931493,0.0,False,False,nan,True
170,0.046280194,-0.001146009,2.3419165e-08,-2.894752e-09,0.0014817897,-5.0410723e-08,True,True,0,1,False,36,33,3,1.0208555529800378e-06,172.92188198017055,1.0208555529800378e-06,102.92188198017048,0.0,False,False,nan,True
171,0.046280194,-0.001146009,4.6680434e-08,-4.8961396e-10,0.0014817718,-8.879343e-08,True,True,0,1,False,36,33,3,-5.157650875275976e-07,172.92188146440546,-5.157650875275976e-07,102.9218814644054,0.0,False,False,nan,True
172,0.046280194,-0.001146009,4.3375376e-08,5.4391637e-11,0.0014817681,-8.949284e-08,True,True,0,1,False,36,33,3,7.032882081148273e-07,172.92188216769367,7.032882081148273e-07,102.92188216769361,0.0,False,False,nan,True
173,0.046280194,-0.001146009,3.9229228e-08,1.0753365e-09,0.0014817647,-9.4418525e-08,True,True,0,1,True,37,33,4,7.50749045153043e-07,172.92188291844272,-1.9999992492509548,100.92188291844266,2.0,False,False,nan,True
174,0.046280194,-0.001146009,0.0,0.0,0.0014817541,0.0,True,True,0,1,False,37,33,4,100,272.92188291844275,100,200.92188291844266,0.0,True,False,nan,True
