step,x,y,vx,vy,angle,angular_velocity,left_leg_contact,right_leg_contact,navigation_action,current_fps,fresh_observation,n_fresh_observations,n_fresh_observations_before_touchdown,n_fresh_observations_after_touchdown,instant_nav_reward,cumulative_nav_reward,instant_adaptive_reward,cumulative_adaptive_reward,instant_frame_penalty,terminated,truncated,vy_at_touchdown,success
1,-0.010107803,1.4030843,-0.5065646,-0.18696137,0.010103559,0.084106855,False,False,3,25,True,2,2,0,-0.057415489155032445,-0.057415489155032445,-0.057415489155032445,-0.057415489155032445,0.0,False,False,nan,False
2,-0.015057087,1.3982861,-0.49730068,-0.2132726,0.012444325,0.046819776,False,False,3,25,False,2,2,0,0.09742022615245219,0.04000473699741974,0.09742022615245219,0.04000473699741974,0.0,False,False,nan,False
3,-0.019913292,1.3928866,-0.4856077,-0.23997472,0.012439437,-9.775754e-05,False,False,3,25,True,3,3,0,0.44801178662277263,0.4880165236201924,0.44801178662277263,0.4880165236201924,0.0,False,False,nan,False
4,-0.024690056,1.3868799,-0.47565237,-0.266945,0.01044075,-0.039977483,False,False,3,25,False,3,3,0,0.38545896362566734,0.8734754872458597,0.38545896362566734,0.8734754872458597,0.0,False,False,nan,False
5,-0.029406548,1.3802688,-0.46811527,-0.29380694,0.0069337473,-0.070146754,False,False,3,25,True,4,4,0,0.2485342895250551,1.1220097767709147,0.2485342895250551,1.1220097767709147,0.0,False,False,nan,False
6,-0.034047604,1.3730705,-0.45863447,-0.3199128,0.0015270989,-0.10814275,False,False,3,25,False,4,4,0,0.568874898078293,1.6908846748492077,0.568874898078293,1.6908846748492077,0.0,False,False,nan,False
7,-0.03859806,1.3652725,-0.44728222,-0.3465858,-0.0061510676,-0.15357766,False,False,3,25,True,5,5,0,-0.3910086184012005,1.2998760564480072,-0.3910086184012005,1.2998760564480072,0.0,False,False,nan,False
8,-0.043148328,1.3568754,-0.44725877,-0.37325817,-0.013827457,-0.15354182,False,False,0,25,False,5,5,0,-1.6120324607688303,-0.31215640432082314,-1.6120324607688303,-0.31215640432082314,0.0,False,False,nan,False
9,-0.047698308,1.3478789,-0.44723588,-0.39993078,-0.021503108,-0.15352713,False,False,0,25,True,6,6,0,-1.6259527296443537,-1.9381091339651768,-1.6259527296443537,-1.9381091339651768,0.0,False,False,nan,False
10,-0.052248098,1.3382834,-0.44721356,-0.4266033,-0.029177573,-0.15350352,False,False,0,25,False,6,6,0,-1.633791326982049,-3.5719004609472256,-1.633791326982049,-3.5719004609472256,0.0,False,False,nan,False
11,-0.0567976,1.3280885,-0.44719115,-0.45327604,-0.036850832,-0.1534791,False,False,0,25,True,7,7,0,-1.6360192044810162,-5.207919665428242,-1.6360192044810162,-5.207919665428242,0.0,False,False,nan,False
12,-0.061346818,1.3172945,-0.4471689,-0.479949,-0.044522878,-0.15345508,False,False,0,25,False,7,7,0,-1.6331709787265822,-6.841090644154824,-1.6331709787265822,-6.841090644154824,0.0,False,False,nan,False
13,-0.06589584,1.305901,-0.4471467,-0.50662214,-0.052193735,-0.15343131,False,False,0,25,True,8,8,0,-1.625663861224666,-8.466754505379491,-1.625663861224666,-8.466754505379491,0.0,False,False,nan,False
14,-0.07044449,1.2939085,-0.44712466,-0.5332955,-0.059863426,-0.15340768,False,False,0,25,False,8,8,0,-1.6139762521488024,-10.080730757528293,-1.6139762521488024,-10.080730757528293,0.0,False,False,nan,False
15,-0.07499294,1.2813164,-0.4471028,-0.5599691,-0.067531936,-0.15338401,False,False,0,25,True,9,9,0,-1.5984277517073338,-11.679158509235627,-1.5984277517073338,-11.679158509235627,0.0,False,False,nan,False
16,-0.07954121,1.268125,-0.4470811,-0.5866429,-0.07519927,-0.15336071,False,False,0,25,False,9,9,0,-1.5794580705983776,-13.258616579834005,-1.5794580705983776,-13.258616579834005,0.0,False,False,nan,False
17,-0.08408918,1.2543346,-0.44705954,-0.61331683,-0.082865424,-0.1533373,False,False,0,25,True,10,10,0,-1.5573796208772706,-14.815996200711275,-1.5573796208772706,-14.815996200711275,0.0,False,False,nan,False
18,-0.08863678,1.2399447,-0.44703808,-0.639991,-0.09053042,-0.15331379,False,False,0,25,False,10,10,0,-1.5325042388914483,-16.348500439602724,-1.5325042388914483,-16.348500439602724,0.0,False,False,nan,False
19,-0.09318409,1.2249556,-0.44701678,-0.6666653,-0.098194264,-0.15329076,False,False,0,25,True,11,11,0,-1.5051107496422276,-17.85361118924495,-1.5051107496422276,-17.85361118924495,0.0,False,False,nan,False
20,-0.09773121,1.2093672,-0.44699565,-0.69333994,-0.10585695,-0.15326744,False,False,0,25,False,11,11,0,-1.4754916412707644,-19.329102830515716,-1.4754916412707644,-19.329102830515716,0.0,False,False,nan,False
21,-0.10227804,1.1931794,-0.44697466,-0.7200147,-0.11351846,-0.15324432,False,False,0,25,True,12,12,0,-1.4438411776441171,-20.772944008159833,-1.4438411776441171,-20.772944008159833,0.0,False,False,nan,False
22,-0.10682459,1.1763924,-0.44695383,-0.7466897,-0.12117883,-0.15322122,False,False,0,25,False,12,12,0,-1.4104329494712147,-22.183376957631047,-1.4104329494712147,-22.183376957631047,0.0,False,False,nan,False
23,-0.11137076,1.159006,-0.44693318,-0.7733648,-0.12883806,-0.15319824,False,False,0,25,True,13,13,0,-1.3753922369696738,-23.55876919460072,-1.3753922369696738,-23.55876919460072,0.0,False,False,nan,False
24,-0.11591673,1.1410204,-0.44691268,-0.8000401,-0.13649614,-0.15317532,False,False,0,25,False,13,13,0,-1.339000639232296,-24.897769833833017,-1.339000639232296,-24.897769833833017,0.0,False,False,nan,False
25,-0.120464325,1.1224144,-0.44708484,-0.8276607,-0.14415364,-0.15315011,False,False,0,25,True,14,14,0,-1.391611602055292,-26.28938143588831,-1.391611602055292,-26.28938143588831,0.0,False,False,nan,False
26,-0.12491131,1.1040264,-0.437126,-0.81798893,-0.15171328,-0.15119281,False,False,2,25,False,14,14,0,2.046381477478758,-24.242999958409552,2.046381477478758,-24.242999958409552,0.0,False,False,nan,False
27,-0.12934227,1.0863603,-0.43498087,-0.78600484,-0.15981597,-0.16205384,False,False,2,5,True,15,15,0,3.5057768052851204,-20.737223153124432,3.5057768052851204,-20.737223153124432,0.0,False,False,nan,False
28,-0.13369855,1.0696214,-0.42711335,-0.74488795,-0.16832776,-0.17023636,False,False,2,5,False,15,15,0,4.4262299756943095,-16.310993177430124,4.4262299756943095,-16.310993177430124,0.0,False,False,nan,False
29,-0.13805027,1.0536952,-0.4259711,-0.70891106,-0.17754969,-0.1844385,False,False,2,5,False,15,15,0,3.4628646635612883,-12.848128513868836,3.4628646635612883,-12.848128513868836,0.0,False,False,nan,False
30,-0.14226341,1.0384734,-0.4120474,-0.6776596,-0.18685189,-0.18604366,False,False,2,5,False,15,15,0,3.6173263934057447,-9.230802120463093,3.6173263934057447,-9.230802120463093,0.0,False,False,nan,False
31,-0.14625101,1.0237185,-0.389908,-0.6569119,-0.19574006,-0.17776369,False,False,2,5,False,15,15,0,3.1358514552768044,-6.094950665186288,3.1358514552768044,-6.094950665186288,0.0,False,False,nan,False
32,-0.15008183,1.009477,-0.37429518,-0.63414115,-0.20458551,-0.17690945,False,False,2,5,False,15,15,0,2.924256530349692,-3.1706941348365962,2.924256530349692,-3.1706941348365962,0.0,False,False,nan,False
33,-0.15369979,0.995333,-0.35354206,-0.62978816,-0.21290389,-0.16636798,False,False,2,5,False,15,15,0,1.625173740234868,-1.5455203946017282,1.625173740234868,-1.5455203946017282,0.0,False,False,nan,False
34,-0.15740547,0.98120457,-0.36154285,-0.6292613,-0.2220204,-0.18233061,False,False,2,5,False,15,15,0,-0.22292790357183206,-1.7684482981735603,-0.22292790357183206,-1.7684482981735603,0.0,False,False,nan,False
35,-0.16097346,0.96760887,-0.34765658,-0.6056587,-0.23128597,-0.18531139,False,False,2,5,False,15,15,0,2.7959943047425044,1.0275460065689441,2.7959943047425044,1.0275460065689441,0.0,False,False,nan,False
36,-0.16428252,0.95492005,-0.3218751,-0.5653971,-0.24045134,-0.1833071,False,False,2,5,False,15,15,0,4.754218054378907,5.781764060947852,4.754218054378907,5.781764060947852,0.0,False,False,nan,False
37,-0.16726312,0.9428734,-0.28959328,-0.53681356,-0.24905358,-0.17204516,False,False,2,5,True,16,16,0,4.040428161476467,9.82219222242432,4.040428161476467,9.82219222242432,0.0,False,False,nan,False
38,-0.16994247,0.9312178,-0.26008442,-0.5193843,-0.25705966,-0.16012233,False,False,2,5,False,16,16,0,2.9071134405546504,12.72930566297897,2.9071134405546504,12.72930566297897,0.0,False,False,nan,False
39,-0.17258874,0.9196621,-0.25638753,-0.51505107,-0.26546636,-0.16813384,False,False,2,5,False,16,16,0,0.500271379455097,13.229577042434066,0.500271379455097,13.229577042434066,0.0,False,False,nan,False
40,-0.17494097,0.9088809,-0.22721365,-0.4806423,-0.27367404,-0.16415372,False,False,2,5,False,16,16,0,4.263943087797867,17.493520130231932,4.263943087797867,17.493520130231932,0.0,False,False,nan,False
41,-0.17689963,0.8988363,-0.18848482,-0.44782874,-0.2812431,-0.15138133,False,False,2,5,False,16,16,0,4.468052165658134,21.961572295890065,4.468052165658134,21.961572295890065,0.0,False,False,nan,False
42,-0.17843466,0.88952667,-0.14686534,-0.41506016,-0.28807336,-0.136605,False,False,2,5,False,16,16,0,4.460174651121673,26.421746947011737,4.460174651121673,26.421746947011737,0.0,False,False,nan,False
43,-0.17967148,0.8807134,-0.117404975,-0.39295366,-0.2945421,-0.12937565,False,False,2,5,False,16,16,0,2.9084217428619583,29.330168689873695,2.9084217428619583,29.330168689873695,0.0,False,False,nan,False
44,-0.18065281,0.87199944,-0.09234917,-0.38846922,-0.30050597,-0.119277395,False,False,2,5,False,16,16,0,1.0196382092225178,30.34980689909621,1.0196382092225178,30.34980689909621,0.0,False,False,nan,False
45,-0.18134412,0.86319065,-0.06415708,-0.39253584,-0.3056502,-0.102885544,False,False,2,5,False,16,16,0,0.1888688116868707,30.53867571078308,0.1888688116868707,30.53867571078308,0.0,False,False,nan,False
46,-0.18163633,0.85522515,-0.024660978,-0.35499126,-0.310374,-0.09447603,False,False,2,5,False,16,16,0,4.190685286309088,34.72936099709217,4.190685286309088,34.72936099709217,0.0,False,False,nan,False
47,-0.1818305,0.84746575,-0.014556119,-0.34591654,-0.3154259,-0.10103887,False,False,2,5,True,17,17,0,0.9120117087725077,35.64137270586468,0.9120117087725077,35.64137270586468,0.0,False,False,nan,False
48,-0.18210945,0.8391572,-0.025311742,-0.3698279,-0.3181069,-0.053619612,False,False,1,5,False,17,17,0,-1.9388638505782285,33.70250885528645,-1.9388638505782285,33.70250885528645,0.0,False,False,nan,False
49,-0.18244629,0.83026886,-0.03256974,-0.3952881,-0.3192649,-0.023160059,False,False,1,5,False,17,17,0,-1.8780716612906463,31.824437193995806,-1.8780716612906463,31.824437193995806,0.0,False,False,nan,False
50,-0.18284492,0.8208063,-0.040339388,-0.42044824,-0.31876698,0.009958213,False,False,1,5,False,17,17,0,-1.6400414693024448,30.18439572469336,-1.6400414693024448,30.18439572469336,0.0,False,False,nan,False
51,-0.18333673,0.8107823,-0.052069813,-0.4448858,-0.31577447,0.059850324,False,False,1,5,False,17,17,0,-1.3178093159937976,28.86658640869956,-1.3178093159937976,28.86658640869956,0.0,False,False,nan,False
52,-0.18389253,0.80018264,-0.060095567,-0.47011438,-0.31108555,0.09377839,False,False,1,5,False,17,17,0,-1.1417387262550835,27.724847682444477,-1.1417387262550835,27.724847682444477,0.0,False,False,nan,False
53,-0.18452492,0.7890222,-0.06979174,-0.4946345,-0.3042997,0.13571689,False,False,1,5,False,17,17,0,-0.837897073965961,26.886950608478514,-0.837897073965961,26.886950608478514,0.0,False,False,nan,False
54,-0.18524513,0.77730817,-0.08090635,-0.5187913,-0.29510593,0.18387516,False,False,1,5,False,17,17,0,-0.5399245031769329,26.34702610530158,-0.5399245031769329,26.34702610530158,0.0,False,False,nan,False
55,-0.18602952,0.76502293,-0.089050144,-0.5438945,-0.28417987,0.2185208,False,False,1,5,False,17,17,0,-0.36876197777715336,25.978264127524426,-0.36876197777715336,25.978264127524426,0.0,False,False,nan,False
56,-0.18687753,0.7521625,-0.09708084,-0.56923497,-0.27156958,0.2522058,False,False,1,5,False,17,17,0,-0.17211890451866793,25.806145223005757,-0.17211890451866793,25.806145223005757,0.0,False,False,nan,False
57,-0.18780728,0.7387336,-0.10741107,-0.5942251,-0.25679642,0.2954634,False,False,1,5,True,18,18,0,0.08696455379910731,25.893109776804863,0.08696455379910731,25.893109776804863,0.0,False,False,nan,False
58,-0.18866749,0.7246771,-0.09870855,-0.62256294,-0.24386925,0.25854328,False,False,3,5,False,18,18,0,-0.04587165987433536,25.847238116930527,-0.04587165987433536,25.847238116930527,0.0,False,False,nan,False
59,-0.18945798,0.7099959,-0.089968145,-0.6507224,-0.23277682,0.2218486,False,False,3,5,False,18,18,0,-0.17855296806297247,25.668685148867553,-0.17855296806297247,25.668685148867553,0.0,False,False,nan,False
60,-0.19019079,0.694689,-0.08271547,-0.6788419,-0.2232244,0.19104885,False,False,3,5,False,18,18,0,-0.31124550315232,25.357439645715232,-0.31124550315232,25.357439645715232,0.0,False,False,nan,False
61,-0.19085169,0.6787468,-0.073614016,-0.70742214,-0.21560967,0.15229483,False,False,3,5,False,18,18,0,-0.487934736764571,24.86950490895066,-0.487934736764571,24.86950490895066,0.0,False,False,nan,False
62,-0.19145003,0.6621739,-0.06570499,-0.735731,-0.20967507,0.11869204,False,False,3,5,False,18,18,0,-0.600889957490806,24.268614951459853,-0.600889957490806,24.268614951459853,0.0,False,False,nan,False
63,-0.19197683,0.64499074,-0.056777187,-0.76312524,-0.20554623,0.08257693,False,False,3,5,False,18,18,0,-0.6406469799410093,23.627967971518842,-0.6406469799410093,23.627967971518842,0.0,False,False,nan,False
64,-0.19243622,0.62717503,-0.048235692,-0.7914895,-0.20322302,0.0464639,False,False,3,5,False,18,18,0,-0.8779145164914144,22.750053455027427,-0.8779145164914144,22.750053455027427,0.0,False,False,nan,False
65,-0.1928318,0.6087334,-0.040201887,-0.8195352,-0.20258088,0.01284299,False,False,3,5,False,18,18,0,-0.9732505460550545,21.77680290897237,-0.9732505460550545,21.77680290897237,0.0,False,False,nan,False
66,-0.19315863,0.5896668,-0.03152468,-0.8475664,-0.20374475,-0.02327736,False,False,3,5,False,18,18,0,-1.1047624093240234,20.672040499648347,-1.1047624093240234,20.672040499648347,0.0,False,False,nan,False
67,-0.19339447,0.5699709,-0.020079922,-0.87585837,-0.20727749,-0.07065465,False,False,3,25,True,19,19,0,-1.3158520260833189,19.356188473565027,-1.3158520260833189,19.356188473565027,0.0,False,False,nan,False
68,-0.19334507,0.550773,0.007857721,-0.8536512,-0.21021622,-0.058774758,False,False,2,25,False,19,19,0,3.4626038407901207,22.818792314355147,3.4626038407901207,22.818792314355147,0.0,False,False,nan,False
69,-0.19301948,0.53183544,0.034779694,-0.84199053,-0.2124599,-0.044873346,False,False,2,25,True,20,20,0,2.3680172157734605,25.186809530128606,2.3680172157734605,25.186809530128606,0.0,False,False,nan,False
70,-0.19255085,0.5127922,0.048764754,-0.84664166,-0.21437836,-0.038369022,False,False,2,25,False,20,20,0,0.7772322922942407,25.964041822422846,0.7772322922942407,25.964041822422846,0.0,False,False,nan,False
71,-0.19185686,0.49455407,0.07120199,-0.8108501,-0.21620089,-0.036450755,False,False,2,25,True,21,21,0,4.653890447631665,30.61793227005451,4.653890447631665,30.61793227005451,0.0,False,False,nan,False
72,-0.19115314,0.47627872,0.07249885,-0.8125499,-0.21835215,-0.043025248,False,False,2,25,False,21,21,0,1.029933744212866,31.647866014267375,1.029933744212866,31.647866014267375,0.0,False,False,nan,False
73,-0.19050837,0.4580933,0.067331806,-0.8086639,-0.22123039,-0.057564598,False,False,2,25,True,22,22,0,1.5516059292527415,33.199471943520116,1.5516059292527415,33.199471943520116,0.0,False,False,nan,False
74,-0.18990307,0.43987727,0.06392951,-0.8101157,-0.2246728,-0.06884839,False,False,2,25,False,22,22,0,0.9394213210017142,34.13889326452183,0.9394213210017142,34.13889326452183,0.0,False,False,nan,False
75,-0.18904562,0.4224186,0.08895209,-0.77643144,-0.2279109,-0.06476248,False,False,2,25,True,23,23,0,4.121382266284553,38.26027553080639,4.121382266284553,38.26027553080639,0.0,False,False,nan,False
76,-0.18811588,0.40556097,0.09666683,-0.7498072,-0.23166153,-0.07501238,False,False,2,25,False,23,23,0,3.447295444618004,41.707570975424396,3.447295444618004,41.707570975424396,0.0,False,False,nan,False
77,-0.18684244,0.38937014,0.13040067,-0.7200755,-0.23476212,-0.062011622,False,False,2,25,True,24,24,0,3.3311078822116658,45.038678857636064,3.3311078822116658,45.038678857636064,0.0,False,False,nan,False
78,-0.18530197,0.3733977,0.15650228,-0.71027964,-0.23724864,-0.049730428,False,False,2,25,False,24,24,0,1.401415055472438,46.440093913108505,1.401415055472438,46.440093913108505,0.0,False,False,nan,False
79,-0.18373814,0.35782737,0.15944573,-0.69251156,-0.24035715,-0.062169712,False,False,2,25,True,25,25,0,2.518306584913586,48.958400498022094,2.518306584913586,48.958400498022094,0.0,False,False,nan,False
80,-0.18209381,0.34317714,0.1682298,-0.6517485,-0.24422099,-0.07727675,False,False,2,25,False,25,25,0,4.440453678829454,53.39885417685155,4.440453678829454,53.39885417685155,0.0,False,False,nan,False
81,-0.18039647,0.32906565,0.17413023,-0.62791413,-0.24869652,-0.089510836,False,False,2,50,True,26,26,0,2.7249309739169805,56.12378515076853,2.7249309739169805,56.12378515076853,0.0,False,False,nan,False
82,-0.17863731,0.31528652,0.18073183,-0.6132288,-0.253603,-0.09812983,False,False,2,50,True,27,27,0,1.7290489907817743,57.85283414155031,1.7290489907817743,57.85283414155031,0.0,False,False,nan,False
83,-0.17681475,0.3017596,0.1874304,-0.60209864,-0.2588856,-0.105651796,False,False,2,50,True,28,28,0,1.3057857165049966,59.15861985805531,1.3057857165049966,59.15861985805531,0.0,False,False,nan,False
84,-0.17480889,0.28813392,0.20533565,-0.6064343,-0.26374465,-0.09718104,False,False,2,50,True,29,29,0,-0.47850668052669504,58.68011317752862,-0.47850668052669504,58.68011317752862,0.0,False,False,nan,False
85,-0.17251368,0.27539966,0.23418412,-0.5668131,-0.26851094,-0.09532555,False,False,2,50,True,30,30,0,3.124677928521902,61.80479110605052,3.124677928521902,61.80479110605052,0.0,False,False,nan,False
86,-0.17015104,0.26345524,0.2417269,-0.5318783,-0.2741147,-0.112075366,False,False,2,50,True,31,31,0,3.1797049103506483,64.98449601640117,3.1797049103506483,64.98449601640117,0.0,False,False,nan,False
87,-0.16785964,0.25093448,0.23279372,-0.55716985,-0.2778557,-0.07481982,False,False,1,50,True,32,32,0,-1.1934711214990148,63.79102489490215,-1.1934711214990148,63.79102489490215,0.0,False,False,nan,False
88,-0.16536894,0.23879221,0.25266004,-0.54034096,-0.2815386,-0.07365833,False,False,2,50,True,33,33,0,1.2109283075064894,65.00195320240864,1.2109283075064894,65.00195320240864,0.0,False,False,nan,False
89,-0.16295262,0.22609471,0.24320205,-0.56463873,-0.28315303,-0.03228814,False,False,1,50,True,34,34,0,-0.8442891605172906,64.15766404189135,-0.8442891605172906,64.15766404189135,0.0,False,False,nan,False
90,-0.16035528,0.21389352,0.26144204,-0.5426068,-0.2849086,-0.035112165,False,False,2,50,True,35,35,0,1.9094638831392927,66.06712792503065,1.9094638831392927,66.06712792503065,0.0,False,False,nan,False
91,-0.15772334,0.20168175,0.2652486,-0.5431484,-0.2870218,-0.042263985,False,False,2,50,True,36,36,0,0.40345218080753115,66.47058010583818,0.40345218080753115,66.47058010583818,0.0,False,False,nan,False
92,-0.1548005,0.18991421,0.29396853,-0.52333295,-0.28875676,-0.03469935,False,False,2,50,True,37,37,0,1.0495481830993298,67.52012828893751,1.0495481830993298,67.52012828893751,0.0,False,False,nan,False
93,-0.1519393,0.1775694,0.2862166,-0.54868037,-0.28886172,-0.002099115,False,False,1,50,True,38,38,0,-0.7695223609897102,66.7506059279478,-0.7695223609897102,66.7506059279478,0.0,False,False,nan,False
94,-0.14901313,0.16556898,0.29324245,-0.5334768,-0.2895086,-0.012937645,False,False,2,50,True,39,39,0,1.7389558409095798,68.48956176885739,1.7389558409095798,68.48956176885739,0.0,False,False,nan,False
95,-0.14579114,0.15377499,0.32224312,-0.5241883,-0.28955436,-0.00091486546,False,False,2,50,True,40,40,0,0.1248571091931126,68.6144188780505,0.1248571091931126,68.6144188780505,0.0,False,False,nan,False
96,-0.14264993,0.14141579,0.3120644,-0.5488912,-0.2874347,0.04239334,False,False,1,50,True,41,41,0,-0.323025565400086,68.29139331265041,-0.323025565400086,68.29139331265041,0.0,False,False,nan,False
97,-0.13912192,0.12976243,0.3501872,-0.5174125,-0.28474155,0.053862713,False,False,2,50,True,42,42,0,1.6937204322654338,69.98511374491585,1.6937204322654338,69.98511374491585,0.0,False,False,nan,False
98,-0.13565874,0.1175417,0.3419686,-0.5423029,-0.28028014,0.089227974,False,False,1,50,True,43,43,0,-0.1433686900709563,69.84174505484489,-0.1433686900709563,69.84174505484489,0.0,False,False,nan,False
99,-0.13182059,0.10573026,0.37868932,-0.52397645,-0.27501285,0.10534618,False,False,2,50,True,44,44,0,0.74051192297905,70.58225697782395,0.74051192297905,70.58225697782395,0.0,False,False,nan,False
100,-0.12774162,0.094136536,0.40238366,-0.5142495,-0.26935878,0.11308149,False,False,2,50,True,45,45,0,0.6486545135314088,71.23091149135536,0.6486545135314088,71.23091149135536,0.0,False,False,nan,False
101,-0.12361517,0.08265382,0.40748397,-0.5094011,-0.26407704,0.10563509,False,False,2,50,True,46,46,0,1.2898097509810895,72.52072124233645,1.2898097509810895,72.52072124233645,0.0,False,False,nan,False
102,-0.11916771,0.07189523,0.43921462,-0.47717795,-0.2584285,0.11297037,False,False,2,50,True,47,47,0,1.5960580260022936,74.11677926833875,1.5960580260022936,74.11677926833875,0.0,False,False,nan,False
103,-0.114783004,0.06056343,0.4312893,-0.5023877,-0.2511048,0.14647453,False,False,1,50,True,48,48,0,0.28410110144359746,74.40088036978234,0.28410110144359746,74.40088036978234,0.0,False,False,nan,False
104,-0.11031427,0.049451288,0.43992847,-0.49270293,-0.244033,0.14143653,False,False,2,50,True,49,49,0,1.4557235531587167,75.85660392294106,1.4557235531587167,75.85660392294106,0.0,False,False,nan,False
105,-0.10572338,0.038374554,0.4520526,-0.49115074,-0.23688693,0.14292112,False,False,2,50,True,50,50,0,0.557156100867698,76.41376002380876,0.557156100867698,76.41376002380876,0.0,False,False,nan,False
106,-0.100943945,0.028082952,0.47106004,-0.45630983,-0.22989576,0.13982369,False,False,2,50,True,51,51,0,2.3371801086050086,78.75094013241377,2.3371801086050086,78.75094013241377,0.0,False,False,nan,False
107,-0.09623289,0.017217003,0.46243447,-0.48160046,-0.22110409,0.17583336,True,False,1,50,True,52,52,0,-100,-21.249059867586226,-100.0,-21.249059867586226,0.0,False,False,0.48160046,True
108,-0.0913374,0.008409092,0.46432844,-0.3889097,-0.19433707,0.5378048,True,False,2,50,True,53,52,1,9.179253560354393,-12.069806307231833,9.179253560354393,-12.069806307231833,0.0,False,False,nan,True
109,-0.086190894,0.00015411139,0.46887785,-0.36153284,-0.14856094,0.915404,True,False,2,50,True,54,52,2,6.191688087492378,-5.878118219739455,6.191688087492378,-5.878118219739455,0.0,False,False,nan,True
110,-0.08111544,-0.0062647723,0.44400325,-0.2802548,-0.08542193,1.2627478,True,False,2,50,True,55,52,3,13.199378220747047,7.321260001007592,13.199378220747047,7.321260001007592,0.0,False,False,nan,True
111,-0.075837135,-0.011877349,0.46115223,-0.24700087,-0.019450566,1.319477,False,True,2,50,True,56,52,4,6.948516282174862,14.269776283182454,6.948516282174862,14.269776283182454,0.0,False,False,nan,True
112,-0.07085333,-0.016978052,0.44988972,-0.22675666,0.02638109,0.91405785,False,True,2,50,True,57,52,5,1.330265802244935,15.600042085427388,1.330265802244935,15.600042085427388,0.0,False,False,nan,True
113,-0.06620292,-0.021246232,0.43914467,-0.19036032,0.05196796,0.51175475,False,True,2,1,True,58,52,6,-0.007987411233254693,15.592054674194133,-0.007987411233254693,15.592054674194133,0.0,False,False,nan,True
114,-0.061873723,-0.024316039,0.4274363,-0.13663231,0.05740974,0.108854674,False,True,2,1,False,58,52,6,2.449201211824847,18.04125588601898,2.449201211824847,18.04125588601898,0.0,False,False,nan,True
115,-0.05777645,-0.026128998,0.42407236,-0.080087215,0.04320489,-0.284131,False,True,2,1,False,58,52,6,3.1449452791321066,21.186201165151086,3.1449452791321066,21.186201165151086,0.0,False,False,nan,True
116,-0.053819656,-0.026389278,0.41077337,-0.011215348,0.028342072,-0.2971862,True,True,2,1,False,58,52,6,13.597371859814505,34.78357302496559,13.597371859814505,34.78357302496559,0.0,False,False,nan,True
117,-0.049915504,-0.025732853,0.3971931,0.029286781,0.02167479,-0.13330802,True,True,2,1,False,58,52,6,2.010544838424221,36.794117863389815,2.010544838424221,36.794117863389815,0.0,False,False,nan,True
118,-0.046169855,-0.023796262,0.37401515,0.086065285,0.022226276,0.011036186,True,True,2,1,False,58,52,6,1.5146778411984314,38.30879570458825,1.5146778411984314,38.30879570458825,0.0,False,False,nan,True
119,-0.042538643,-0.020946791,0.35925645,0.12659104,0.026032459,0.07611257,True,True,2,1,False,58,52,6,0.060132867025313896,38.368928571613566,0.060132867025313896,38.368928571613566,0.0,False,False,nan,True
120,-0.038761236,-0.018122854,0.37346599,0.12543008,0.030256622,0.08449202,True,True,2,1,False,58,52,6,-1.565555055314188,36.80337351629938,-1.565555055314188,36.80337351629938,0.0,False,False,nan,True
121,-0.034897707,-0.015213444,0.38173643,0.12920633,0.034827143,0.09141893,False,False,2,1,False,58,52,6,-21.189495837302434,15.613877678996946,-21.189495837302434,15.613877678996946,0.0,False,False,nan,True
122,-0.031047821,-0.011423626,0.38025573,0.16832179,0.039506022,0.09358652,False,False,2,1,False,58,52,6,-1.5526537765297903,14.061223902467155,-1.5526537765297903,14.061223902467155,0.0,False,False,nan,True
123,-0.027277088,-0.0071908855,0.3725926,0.18799849,0.043945473,0.08879705,False,False,2,1,False,58,52,6,-0.4056455928896298,13.655578309577525,-0.4056455928896298,13.655578309577525,0.0,False,False,nan,True
124,-0.023719406,-0.0020797395,0.35209972,0.22705063,0.047585245,0.072802335,False,False,2,1,False,58,52,6,-0.3864430912958909,13.269135218281633,-0.3864430912958909,13.269135218281633,0.0,False,False,nan,True
125,-0.020159435,0.003695271,0.35210735,0.25653848,0.051435743,0.07701688,False,False,2,1,False,58,52,6,-2.0227671836779804,11.246368034603652,-2.0227671836779804,11.246368034603652,0.0,False,False,nan,False
126,-0.01649952,0.009963379,0.36143962,0.27841976,0.05594715,0.09023656,False,False,2,1,False,58,52,6,-2.688110289102272,8.558257745501379,-2.688110289102272,8.558257745501379,0.0,False,False,nan,False
127,-0.013024521,0.01631528,0.34370208,0.28216153,0.059706233,0.07518861,False,False,2,1,False,58,52,6,0.319352188921134,8.877609934422512,0.319352188921134,8.877609934422512,0.0,False,False,nan,False
128,-0.009587383,0.023355542,0.3398499,0.31274006,0.06353965,0.07667541,False,False,2,1,False,58,52,6,-2.836583616407931,6.041026318014581,-2.836583616407931,6.041026318014581,0.0,False,False,nan,False
129,-0.006107998,0.031119285,0.34358668,0.34486496,0.06784715,0.08615773,False,False,2,1,False,58,52,6,-3.8734664262512366,2.1675598917633447,-3.8734664262512366,2.1675598917633447,0.0,False,False,nan,False
130,-0.002824402,0.039029583,0.3247831,0.35139906,0.071395956,0.0709828,False,False,2,1,False,58,52,6,-0.5660981789532002,1.6014617128101445,-0.5660981789532002,1.6014617128101445,0.0,False,False,nan,False
131,0.0003739357,0.047348008,0.316433,0.36954403,0.07477844,0.06765572,False,False,2,1,False,58,52,6,-2.260775687666107,-0.6593139748559624,-2.260775687666107,-0.6593139748559624,0.0,False,False,nan,False
132,0.003499794,0.05618535,0.30924916,0.39260006,0.07809109,0.06625932,False,False,2,1,False,58,52,6,-2.851652773971945,-3.510966748827907,-2.851652773971945,-3.510966748827907,0.0,False,False,nan,False
133,0.006594467,0.06501425,0.3061285,0.39221627,0.08140693,0.06632291,False,False,2,1,False,58,52,6,-1.3141851282153454,-4.825151877043252,-1.3141851282153454,-4.825151877043252,0.0,False,False,nan,False
134,0.009619331,0.07454003,0.29913256,0.42318165,0.08473655,0.066598244,False,False,2,1,False,58,52,6,-3.6828360318698,-8.507987908913051,-3.6828360318698,-8.507987908913051,0.0,False,False,nan,False
135,0.012658119,0.084216364,0.30025262,0.4298538,0.088336095,0.071997695,False,False,2,1,False,58,52,6,-2.2706874724051884,-10.77867538131824,-2.2706874724051884,-10.77867538131824,0.0,False,False,nan,False
136,0.01547451,0.094218716,0.27879888,0.4443765,0.09116082,0.05649937,False,False,2,1,False,58,52,6,-1.640402287884288,-12.41907766920253,-1.640402287884288,-12.41907766920253,0.0,False,False,nan,False
137,0.018136024,0.10415197,0.26387408,0.44133663,0.09341989,0.04518579,False,False,2,1,False,58,52,6,-0.510858801606463,-12.929936470808993,-0.510858801606463,-12.929936470808993,0.0,False,False,nan,False
138,0.02087288,0.11405605,0.2708788,0.44000408,0.09619973,0.055602074,False,False,2,1,False,58,52,6,-1.8505170979124472,-14.780453568721441,-1.8505170979124472,-14.780453568721441,0.0,False,False,nan,False
139,0.023395348,0.12433027,0.2505247,0.45652118,0.09791014,0.034212656,False,False,2,1,False,58,52,6,-1.9316342173698928,-16.712087786091335,-1.9316342173698928,-16.712087786091335,0.0,False,False,nan,False
140,0.025860976,0.1347848,0.24485822,0.4645346,0.09960148,0.03383104,False,False,2,1,False,58,52,6,-1.9795540602420687,-18.691641846333404,-1.9795540602420687,-18.691641846333404,0.0,False,False,nan,False
141,0.028106784,0.14534949,0.22367838,0.46948233,0.100498766,0.017949281,False,False,2,1,False,58,52,6,-0.9622895171486932,-19.653931363482098,-0.9622895171486932,-19.653931363482098,0.0,False,False,nan,False
142,0.030421639,0.15631329,0.2299418,0.4871748,0.10203242,0.030677387,False,False,2,1,False,58,52,6,-3.4407494851128773,-23.094680848594976,-3.4407494851128773,-23.094680848594976,0.0,False,False,nan,False
143,0.032834627,0.16777068,0.23893976,0.5090529,0.10436957,0.0467479,False,False,2,1,False,58,52,6,-4.067149460737386,-27.161830309332363,-4.067149460737386,-27.161830309332363,0.0,False,False,nan,False
144,0.035030365,0.17927378,0.21802017,0.5111394,0.105915286,0.030918265,False,False,2,1,False,58,52,6,-0.961013690475258,-28.12284399980762,-0.961013690475258,-28.12284399980762,0.0,False,False,nan,False
145,0.037056256,0.19082887,0.20160961,0.5134897,0.10689328,0.019563254,False,False,2,1,False,58,52,6,-1.1663227174400135,-29.289166717247635,-1.1663227174400135,-29.289166717247635,0.0,False,False,nan,False
146,0.03901081,0.20310016,0.19435522,0.5453094,0.10797823,0.021703158,False,False,2,1,False,58,52,6,-4.376347924597314,-33.66551464184495,-4.376347924597314,-33.66551464184495,0.0,False,False,nan,False
147,0.040821362,0.21563703,0.18033667,0.55714357,0.108690664,0.0142520275,False,False,2,1,False,58,52,6,-2.3059433063153163,-35.971457948160264,-2.3059433063153163,-35.971457948160264,0.0,False,False,nan,False
148,0.042604923,0.2285956,0.17704311,0.5758418,0.109993085,0.02604847,False,False,2,1,False,58,52,6,-3.4208401593620748,-39.392298107522336,-3.4208401593620748,-39.392298107522336,0.0,False,False,nan,False
149,0.04436159,0.24241205,0.17398934,0.61393625,0.11166637,0.03346557,False,False,2,1,False,58,52,6,-5.425004632908613,-44.81730274043095,-5.425004632908613,-44.81730274043095,0.0,False,False,nan,False
150,0.046031475,0.2565868,0.16536514,0.62986684,0.11326963,0.032065324,False,False,2,1,False,58,52,6,-3.194684154901455,-48.0119868953324,-3.194684154901455,-48.0119868953324,0.0,False,False,nan,False
151,0.047560025,0.27169862,0.15136048,0.67152226,0.114760384,0.029814716,False,False,2,1,False,58,52,6,-5.679408286885024,-53.69139518221742,-5.679408286885024,-53.69139518221742,0.0,False,False,nan,False
152,0.049018003,0.2874794,0.14417791,0.70124257,0.11637547,0.032301687,False,False,2,1,False,58,52,6,-4.795541430130942,-58.48693661234836,-4.795541430130942,-58.48693661234836,0.0,False,False,nan,False
153,0.050586414,0.30354962,0.15438472,0.7140369,0.118816584,0.048822433,False,False,2,1,False,58,52,6,-3.6173907356172093,-62.104327347965565,-3.6173907356172093,-62.104327347965565,0.0,False,False,nan,False
154,0.05186863,0.32048458,0.12654987,0.75253314,0.120479055,0.033249497,False,False,2,1,False,58,52,6,-5.414468814982416,-67.51879616294798,-5.414468814982416,-67.51879616294798,0.0,False,False,nan,False
155,0.05296116,0.33791435,0.1080433,0.77455944,0.12167631,0.023945186,False,False,2,1,False,58,52,6,-4.054099013563518,-71.5728951765115,-4.054099013563518,-71.5728951765115,0.0,False,False,nan,False
156,0.053957652,0.35623077,0.09833747,0.8139551,0.12299038,0.026281198,False,False,2,1,False,58,52,6,-6.038387399041187,-77.61128257555268,-6.038387399041187,-77.61128257555268,0.0,False,False,nan,False
157,0.054756165,0.37462714,0.07918714,0.81755847,0.12365254,0.01324335,False,False,2,1,False,58,52,6,-2.3486357227761685,-79.95991829832884,-2.3486357227761685,-79.95991829832884,0.0,False,False,nan,False
158,0.055446625,0.39372978,0.06837873,0.848951,0.124316014,0.0132692605,False,False,2,1,False,58,52,6,-5.298636034995911,-85.25855433332475,-5.298636034995911,-85.25855433332475,0.0,False,False,nan,False
159,0.05615444,0.41302323,0.069733754,0.8573974,0.12536207,0.020921195,False,False,2,1,False,58,52,6,-3.178267265600158,-88.43682159892491,-3.178267265600158,-88.43682159892491,0.0,False,False,nan,False
160,0.056877803,0.43328777,0.070602596,0.90049976,0.12708578,0.034474082,False,False,2,1,False,58,52,6,-6.794040382231247,-95.23086198115615,-6.794040382231247,-95.23086198115615,0.0,False,False,nan,False
161,0.0573925,0.45363787,0.0504331,0.9043586,0.12812033,0.020691002,False,False,2,1,False,58,52,6,-2.6784002582111723,-97.90926223936732,-2.6784002582111723,-97.90926223936732,0.0,False,False,nan,False
162,0.057826042,0.4740168,0.0424424,0.9056512,0.12903057,0.018204523,False,False,2,1,False,58,52,6,-2.5068575495401317,-100.41611978890745,-2.5068575495401317,-100.41611978890745,0.0,False,False,nan,False
163,0.05820818,0.4950951,0.037025485,0.93671227,0.13022143,0.023817271,False,False,2,1,True,59,52,7,-5.596360401609064,-106.01248019051651,-5.596360401609064,-106.01248019051651,0.0,False,False,nan,False
164,0.058590412,0.5155735,0.037025504,0.9100455,0.1314123,0.023817282,False,False,0,1,False,59,52,7,0.5067616158916337,-105.50571857462488,0.5067616158916337,-105.50571857462488,0.0,False,False,nan,False
165,0.05897255,0.53545195,0.03702553,0.88337874,0.13260317,0.023817372,False,False,0,1,False,59,52,7,0.5655481177664683,-104.94017045685841,0.5655481177664683,-104.94017045685841,0.0,False,False,nan,False
166,0.059354685,0.55473036,0.037025552,0.856712,0.13379404,0.023817379,False,False,0,1,False,59,52,7,0.624476849405653,-104.31569360745276,0.624476849405653,-104.31569360745276,0.0,False,False,nan,False
167,0.05973692,0.5734088,0.037025575,0.83004516,0.13498491,0.02381721,False,False,0,1,False,59,52,7,0.6834859191797023,-103.63220768827306,0.6834859191797023,-103.63220768827306,0.0,False,False,nan,False
168,0.060119055,0.5914872,0.037025593,0.80337846,0.13617578,0.023817178,False,False,0,1,False,59,52,7,0.7425859536128314,-102.88962173466022,0.7425859536128314,-102.88962173466022,0.0,False,False,nan,False
169,0.060501195,0.6089658,0.03702562,0.7767117,0.13736664,0.023817165,False,False,0,1,False,59,52,7,0.8017481136393485,-102.08787362102088,0.8017481136393485,-102.08787362102088,0.0,False,False,nan,False
170,0.060883425,0.62584436,0.03702564,0.75004494,0.13855751,0.023817025,False,False,0,1,False,59,52,7,0.8609621980397435,-101.22691142298113,0.8609621980397435,-101.22691142298113,0.0,False,False,nan,False
171,0.061265565,0.64212286,0.037025668,0.72337824,0.13974836,0.023816999,False,False,0,1,False,59,52,7,0.9202093520782171,-100.30670207090292,0.9202093520782171,-100.30670207090292,0.0,False,False,nan,False
172,0.061647702,0.6578014,0.03702569,0.6967114,0.14093922,0.023816997,False,False,0,1,False,59,52,7,0.9794884977447964,-99.32721357315812,0.9794884977447964,-99.32721357315812,0.0,False,False,nan,False
173,0.06202984,0.67288,0.037025712,0.67004466,0.14213008,0.023817008,False,False,0,1,False,59,52,7,1.0387597812265312,-98.28845379193159,1.0387597812265312,-98.28845379193159,0.0,False,False,nan,False
174,0.062412072,0.6873586,0.03702574,0.6433779,0.14332093,0.023817018,False,False,0,1,False,59,52,7,1.0980367344632782,-97.19041705746831,1.0980367344632782,-97.19041705746831,0.0,False,False,nan,False
175,0.06279421,0.70123714,0.03702576,0.6167112,0.1445118,0.023817034,False,False,0,1,False,59,52,7,1.1573108673272543,-96.03310619014105,1.1573108673272543,-96.03310619014105,0.0,False,False,nan,False
176,0.06317635,0.71451575,0.037025787,0.59004444,0.14570269,0.023817025,False,False,0,1,False,59,52,7,1.2165534898960004,-94.81655270024505,1.2165534898960004,-94.81655270024505,0.0,False,False,nan,False
177,0.06355848,0.7271945,0.03702581,0.5633776,0.14689355,0.023817006,False,False,0,1,False,59,52,7,1.2757633642330006,-93.54078933601205,1.2757633642330006,-93.54078933601205,0.0,False,False,nan,False
178,0.06394062,0.739273,0.03702583,0.53671086,0.14808445,0.023818027,False,False,0,1,False,59,52,7,1.3349391464127223,-92.20585018959933,1.3349391464127223,-92.20585018959933,0.0,False,False,nan,False
179,0.064322755,0.75075173,0.037025858,0.51004404,0.14927535,0.023818057,False,False,0,1,False,59,52,7,1.394021687421116,-90.81182850217822,1.394021687421116,-90.81182850217822,0.0,False,False,nan,False
180,0.06470499,0.7616305,0.03702588,0.4833772,0.15046626,0.02381805,False,False,0,1,False,59,52,7,1.453021258713136,-89.35880724346508,1.453021258713136,-89.35880724346508,0.0,False,False,nan,False
181,0.065087125,0.7719092,0.037025906,0.45671043,0.15165715,0.023818064,False,False,0,1,False,59,52,7,1.5119202384372556,-87.84688700502782,1.5119202384372556,-87.84688700502782,0.0,False,False,nan,False
182,0.065469265,0.78158784,0.037025932,0.43004364,0.15284806,0.02381805,False,False,0,1,False,59,52,7,1.5706599384315894,-86.27622706659623,1.5706599384315894,-86.27622706659623,0.0,False,False,nan,False
183,0.065851405,0.79066676,0.03702596,0.40337685,0.15403898,0.02381806,False,False,0,1,False,59,52,7,1.6291943082865146,-84.64703275830972,1.6291943082865146,-84.64703275830972,0.0,False,False,nan,False
184,0.06623354,0.7991454,0.037025984,0.37671006,0.1552299,0.023818057,False,False,0,1,False,59,52,7,1.6875198467747339,-82.95951291153499,1.6875198467747339,-82.95951291153499,0.0,False,False,nan,False
185,0.06661568,0.8070242,0.037026014,0.3500433,0.15642081,0.023818074,False,False,0,1,False,59,52,7,1.7454788781460309,-81.21403403338896,1.7454788781460309,-81.21403403338896,0.0,False,False,nan,False
186,0.06699781,0.8143029,0.037026044,0.32337654,0.15761173,0.023818074,False,False,0,1,False,59,52,7,1.8030299691181426,-79.41100406427081,1.8030299691181426,-79.41100406427081,0.0,False,False,nan,False
187,0.06737995,0.8209817,0.03702607,0.29670975,0.15880264,0.023817997,False,False,0,1,False,59,52,7,1.85997307277637,-77.55103099149444,1.85997307277637,-77.55103099149444,0.0,False,False,nan,False
188,0.067761995,0.8270605,0.0370261,0.270043,0.15999356,0.023818001,False,False,0,1,False,59,52,7,1.916090544929915,-75.63494044656453,1.916090544929915,-75.63494044656453,0.0,False,False,nan,False
189,0.06814413,0.8325395,0.03702613,0.2433762,0.16118446,0.023818009,False,False,0,1,False,59,52,7,1.9710146374675475,-73.66392580909698,1.9710146374675475,-73.66392580909698,0.0,False,False,nan,False
190,0.06852627,0.83741826,0.03702616,0.21670939,0.16237536,0.023817996,False,False,0,1,False,59,52,7,2.024228569962645,-71.63969723913434,2.024228569962645,-71.63969723913434,0.0,False,False,nan,False
191,0.06890841,0.8416972,0.03702619,0.19004259,0.16356626,0.023817992,False,False,0,1,False,59,52,7,2.0747033602153095,-69.56499387891903,2.0747033602153095,-69.56499387891903,0.0,False,False,nan,False
192,0.06929054,0.8453761,0.037026215,0.16337581,0.16475718,0.023817983,False,False,0,1,False,59,52,7,2.1208303127945385,-67.44416356612449,2.1208303127945385,-67.44416356612449,0.0,False,False,nan,False
193,0.06967268,0.84845495,0.03702624,0.13670902,0.1659481,0.023817994,False,False,0,1,False,59,52,7,2.1593810453646114,-65.28478252075988,2.1593810453646114,-65.28478252075988,0.0,False,False,nan,False
194,0.070054725,0.8509339,0.037026267,0.11004224,0.167139,0.023817983,False,False,0,1,False,59,52,7,2.1837152390342283,-63.10106728172565,2.1837152390342283,-63.10106728172565,0.0,False,False,nan,False
195,0.07043686,0.8528129,0.037026297,0.083375454,0.1683299,0.023817984,False,False,0,1,False,59,52,7,2.17822434051493,-60.92284294121072,2.17822434051493,-60.92284294121072,0.0,False,False,nan,False
196,0.070819,0.8540919,0.037026323,0.056708675,0.16952081,0.023817983,False,False,0,1,False,59,52,7,2.1004082020835995,-58.82243473912712,2.1004082020835995,-58.82243473912712,0.0,False,False,nan,False
197,0.07120104,0.85477096,0.037026353,0.030041892,0.17071173,0.023817973,False,False,0,1,False,59,52,7,1.8145919329772795,-57.00784280614984,1.8145919329772795,-57.00784280614984,0.0,False,False,nan,False
198,0.071583174,0.85484993,0.037026383,0.0033751093,0.17190263,0.023817945,False,False,0,1,False,59,52,7,0.9199586599238501,-56.08788414622599,0.9199586599238501,-56.08788414622599,0.0,False,False,nan,False
199,0.07196541,0.85432905,0.037026417,-0.023291674,0.17309351,0.023817917,False,False,0,1,False,59,52,7,-0.7267046531088113,-56.8145887993348,-0.7267046531088113,-56.8145887993348,0.0,False,False,nan,False
200,0.072347544,0.8532081,0.03702645,-0.049958456,0.17428441,0.023817914,False,False,0,1,False,59,52,7,-1.8546670908039289,-58.66925589013873,-1.8546670908039289,-58.66925589013873,0.0,False,False,nan,False
201,0.07272978,0.8514872,0.03702648,-0.07662524,0.1754753,0.023817929,False,False,0,1,False,59,52,7,-2.242717211883445,-60.91197310202217,-2.242717211883445,-60.91197310202217,0.0,False,False,nan,False
202,0.073111914,0.84916633,0.037026513,-0.103292026,0.17666619,0.023817945,False,False,0,1,False,59,52,7,-2.353681131680844,-63.26565423370302,-2.353681131680844,-63.26565423370302,0.0,False,False,nan,False
203,0.07349415,0.8462454,0.037026543,-0.12995881,0.17785709,0.023817962,False,False,0,1,False,59,52,7,-2.371637911826312,-65.63729214552933,-2.371637911826312,-65.63729214552933,0.0,False,False,nan,False
204,0.073876284,0.8427246,0.037026577,-0.15662558,0.17904797,0.023817945,False,False,0,1,False,59,52,7,-2.35288013999417,-67.9901722855235,-2.35288013999417,-67.9901722855235,0.0,False,False,nan,False
205,0.07425852,0.8386039,0.037026607,-0.18329239,0.18023887,0.023817938,False,False,0,1,False,59,52,7,-2.317178860621354,-70.30735114614485,-2.317178860621354,-70.30735114614485,0.0,False,False,nan,False
206,0.074640654,0.8338829,0.03702664,-0.20995918,0.18142977,0.0238179,False,False,0,1,False,59,52,7,-2.2726605521615255,-72.58001169830638,-2.2726605521615255,-72.58001169830638,0.0,False,False,nan,False
207,0.07502289,0.82856214,0.037026674,-0.23662594,0.18262066,0.023817932,False,False,0,1,False,59,52,7,-2.2232118751677064,-74.80322357347409,-2.2232118751677064,-74.80322357347409,0.0,False,False,nan,False
208,0.075405024,0.8226414,0.037026707,-0.2632927,0.18381155,0.023817917,False,False,0,1,False,59,52,7,-2.170737059415501,-76.97396063288959,-2.170737059415501,-76.97396063288959,0.0,False,False,nan,False
209,0.07578726,0.81612056,0.037026737,-0.28995946,0.18500245,0.02381795,False,False,0,1,False,59,52,7,-2.116325522216755,-79.09028615510634,-2.116325522216755,-79.09028615510634,0.0,False,False,nan,False
210,0.076169394,0.8089999,0.03702677,-0.31662622,0.18619333,0.023817962,False,False,0,1,False,59,52,7,-2.0606605805655533,-81.1509467356719,-2.0606605805655533,-81.1509467356719,0.0,False,False,nan,False
211,0.076551534,0.8012791,0.0370268,-0.34329307,0.18738425,0.023817949,False,False,0,1,False,59,52,7,-2.0040970866728856,-83.15504382234478,-2.0040970866728856,-83.15504382234478,0.0,False,False,nan,False
212,0.07693367,0.79295844,0.037026834,-0.3699599,0.18857513,0.023817943,False,False,0,1,False,59,52,7,-1.9469153135293027,-85.10195913587408,-1.9469153135293027,-85.10195913587408,0.0,False,False,nan,False
213,0.077315904,0.78403777,0.037026867,-0.39662668,0.18976602,0.023817949,False,False,0,1,True,60,52,8,-1.8892891814705877,-86.99124831734467,-1.8892891814705877,-86.99124831734467,0.0,False,False,nan,False
214,0.07777615,0.774534,0.04682345,-0.42228684,0.18895856,-0.016149288,False,False,3,1,False,60,52,8,-1.6604622369741537,-88.65171055431883,-1.6604622369741537,-88.65171055431883,0.0,False,False,nan,False
215,0.07830725,0.7644492,0.055739302,-0.44787973,0.18632114,-0.05274839,False,False,3,1,False,60,52,8,-1.4142842359343308,-90.06599479025316,-1.4142842359343308,-90.06599479025316,0.0,False,False,nan,False
216,0.078927234,0.75378555,0.066894755,-0.47333512,0.1814036,-0.09835086,False,False,3,1,False,60,52,8,-1.154338025690406,-91.22033281594356,-1.154338025690406,-91.22033281594356,0.0,False,False,nan,False
217,0.079623796,0.7425365,0.076513484,-0.4991417,0.17453283,-0.13741568,False,False,3,1,False,60,52,8,-0.924942738447952,-92.14527555439152,-0.924942738447952,-92.14527555439152,0.0,False,False,nan,False
218,0.0803936,0.7307159,0.085743114,-0.52435803,0.1657464,-0.17572805,False,False,3,1,False,60,52,8,-0.6195368533541898,-92.76481240774571,-0.6195368533541898,-92.76481240774571,0.0,False,False,nan,False
219,0.08122969,0.71831805,0.0941188,-0.54987544,0.15523386,-0.21025059,False,False,3,1,False,60,52,8,-0.4108745354853045,-93.17568694323101,-0.4108745354853045,-93.17568694323101,0.0,False,False,nan,False
220,0.082145594,0.7053482,0.104196586,-0.5751726,0.14264724,-0.25173253,False,False,3,1,False,60,52,8,-0.15947366698355722,-93.33516061021457,-0.15947366698355722,-93.33516061021457,0.0,False,False,nan,False
221,0.08314066,0.69179106,0.11415187,-0.6011937,0.12805256,-0.29189342,False,False,3,1,False,60,52,8,0.024025949152020304,-93.31113466106255,0.024025949152020304,-93.31113466106255,0.0,False,False,nan,False
222,0.08422184,0.67765015,0.12500675,-0.62712103,0.111266285,-0.33572572,False,False,3,1,False,60,52,8,0.28679116388096415,-93.02434349718159,0.28679116388096415,-93.02434349718159,0.0,False,False,nan,False
223,0.08536549,0.6629298,0.1328983,-0.6529609,0.092874795,-0.36782998,False,False,3,1,False,60,52,8,0.5662481537992801,-92.45809534338231,0.5662481537992801,-92.45809534338231,0.0,False,False,nan,False
224,0.086602494,0.64763063,0.14466901,-0.67879206,0.072107196,-0.41535228,False,False,3,1,False,60,52,8,0.7786635829914428,-91.67943176039087,0.7786635829914428,-91.67943176039087,0.0,False,False,nan,False
225,0.08792591,0.6317534,0.15555415,-0.70469314,0.049144976,-0.4592445,False,False,3,1,False,60,52,8,1.0594647326814208,-90.61996702770945,1.0594647326814208,-90.61996702770945,0.0,False,False,nan,False
226,0.089335725,0.6153009,0.16644847,-0.73056895,0.023989724,-0.5031053,False,False,3,1,False,60,52,8,1.3312606956849617,-89.28870633202449,1.3312606956849617,-89.28870633202449,0.0,False,False,nan,False
227,0.09084425,0.5982643,0.17885044,-0.7569689,-0.003649733,-0.55278945,False,False,3,1,False,60,52,8,0.8149936892124299,-88.47371264281206,0.8149936892124299,-88.47371264281206,0.0,False,False,nan,False
228,0.0924509,0.58062726,0.1911554,-0.7842184,-0.0337525,-0.6020559,False,False,3,1,False,60,52,8,-4.259089670161585,-92.73280231297365,-4.259089670161585,-92.73280231297365,0.0,False,False,nan,False
229,0.094138145,0.5623954,0.20122162,-0.81134784,-0.065873556,-0.6424212,False,False,3,1,False,60,52,8,-4.3447686845421165,-97.07757099751576,-4.3447686845421165,-97.07757099751576,0.0,False,False,nan,False
230,0.095899485,0.54357976,0.21042931,-0.8381041,-0.09983362,-0.6792017,False,False,3,1,False,60,52,8,-4.420427291554289,-101.49799828907005,-4.420427291554289,-101.49799828907005,0.0,False,False,nan,False
231,0.09774904,0.5241656,0.22133803,-0.86568266,-0.13599786,-0.7232855,False,False,3,1,False,60,52,8,-4.710511420058935,-106.20850970912899,-4.710511420058935,-106.20850970912899,0.0,False,False,nan,False
232,0.09968443,0.5041616,0.23186596,-0.89301467,-0.17427997,-0.7656433,False,False,3,1,False,60,52,8,-4.839654711363038,-111.04816442049203,-4.839654711363038,-111.04816442049203,0.0,False,False,nan,False
233,0.10171203,0.48356554,0.2430841,-0.9206196,-0.21482977,-0.8109969,False,False,3,1,False,60,52,8,-5.062071673285941,-116.11023609377797,-5.062071673285941,-116.11023609377797,0.0,False,False,nan,False
234,0.103832245,0.46237016,0.25423032,-0.9487292,-0.2576689,-0.8567835,False,False,3,1,False,60,52,8,-5.290807467717683,-121.40104356149565,-5.290807467717683,-121.40104356149565,0.0,False,False,nan,False
235,0.10603733,0.44056407,0.2643332,-0.97749263,-0.3026571,-0.8997649,False,False,3,1,False,60,52,8,-5.494898246326442,-126.8959418078221,-5.494898246326442,-126.8959418078221,0.0,False,False,nan,False
236,0.10833349,0.41814208,0.27506325,-1.0067015,-0.34997162,-0.9462926,False,False,3,1,False,60,52,8,-5.741779470683439,-132.63772127850552,-5.741779470683439,-132.63772127850552,0.0,False,False,nan,False
237,0.11070223,0.39512444,0.28314888,-1.035043,-0.39901063,-0.98078156,False,False,3,1,False,60,52,8,-5.720092779710824,-138.35781405821635,-5.720092779710824,-138.35781405821635,0.0,False,False,nan,False
238,0.11313286,0.3714929,0.2898814,-1.0642878,-0.44965547,-1.0128987,False,False,3,1,False,60,52,8,-5.892865848576718,-144.25067990679307,-5.892865848576718,-144.25067990679307,0.0,False,False,nan,False
239,0.11563778,0.3472345,0.29795796,-1.0943582,-0.50229913,-1.0528752,False,False,3,1,False,60,52,8,-6.172554076713424,-150.4232339835065,-6.172554076713424,-150.4232339835065,0.0,False,False,nan,False
240,0.118227385,0.3223607,0.3068961,-1.1240945,-0.55705,-1.0950196,False,False,3,1,False,60,52,8,-6.346479573785955,-156.76971355729245,-6.346479573785955,-156.76971355729245,0.0,False,False,nan,False
241,0.12090025,0.2968481,0.31556156,-1.1550981,-0.61411804,-1.1413634,False,False,3,1,False,60,52,8,-6.672616954069695,-163.44233051136214,-6.672616954069695,-163.44233051136214,0.0,False,False,nan,False
242,0.12365713,0.27069226,0.32395276,-1.1864774,-0.67356026,-1.1888459,False,False,3,1,False,60,52,8,-6.929900125067603,-170.37223063642975,-6.929900125067603,-170.37223063642975,0.0,False,False,nan,False
243,0.12648907,0.24391653,0.33064932,-1.21674,-0.73486894,-1.2261769,False,False,3,1,False,60,52,8,-6.973113541197448,-177.3453441776272,-6.973113541197448,-177.3453441776272,0.0,False,False,nan,False
244,0.12939624,0.21651192,0.33701462,-1.247514,-0.798132,-1.2652642,False,False,3,1,False,60,52,8,-7.2399208218708955,-184.5852649994981,-7.2399208218708955,-184.5852649994981,0.0,False,False,nan,False
245,0.13239041,0.1884641,0.34438455,-1.2791966,-0.8637471,-1.3123064,False,False,3,1,False,60,52,8,-7.650935254262719,-192.2362002537608,-7.650935254262719,-192.2362002537608,0.0,False,False,nan,False
246,0.13546629,0.15975668,0.35077888,-1.3117454,-0.9318455,-1.3619704,False,False,3,1,False,60,52,8,-8.063481587244835,-200.29968184100565,-8.063481587244835,-200.29968184100565,0.0,False,False,nan,False
247,0.1386323,0.13038427,0.3574972,-1.3446821,-1.0026052,-1.4151983,False,False,3,1,False,60,52,8,-8.546858932224664,-208.84654077323032,-8.546858932224664,-208.84654077323032,0.0,False,False,nan,False
248,0.14187041,0.10037049,0.3613772,-1.3761436,-1.0752641,-1.4531834,False,False,3,1,False,60,52,8,-8.78404814863117,-217.6305889218615,-8.78404814863117,-217.6305889218615,0.0,False,False,nan,False
249,0.14518861,0.069682226,0.36576065,-1.409393,-1.1504797,-1.5043167,True,False,3,1,False,60,52,8,0.3947022743297748,-217.23588664753171,0.3947022743297748,-217.23588664753171,0.0,False,False,nan,False
250,0.15002528,0.0581915,0.5398439,-0.6744958,-1.351404,-3.8159344,True,False,3,1,False,60,52,8,39.10541670497574,-178.13046994255598,39.10541670497574,-178.13046994255598,0.0,False,False,nan,False
251,0.15517072,0.045312747,0.5358157,-0.7084281,-1.5451869,-3.8575332,True,False,3,1,False,60,52,8,-21.912734349493775,-200.04320429204975,-21.912734349493775,-200.04320429204975,0.0,False,False,nan,False
252,0.16065626,0.03174835,0.53029466,-0.74058723,-1.7407789,-3.8905587,True,False,3,1,False,60,52,8,-22.063337786874428,-222.10654207892418,-22.063337786874428,-222.10654207892418,0.0,False,False,nan,False
253,0.16643171,0.017296324,0.5244994,-0.77379704,-1.9386718,-3.9479802,False,False,3,1,False,60,52,8,-32.56945810062692,-254.6760001795511,-32.56945810062692,-254.6760001795511,0.0,False,False,nan,False
254,0.17190485,0.009828088,0.4399724,0.08970248,-2.0803733,-1.381287,False,False,3,1,False,60,52,8,-100,-354.6760001795511,-100,-354.6760001795511,0.0,True,False,nan,False
