step,x,y,vx,vy,angle,angular_velocity,left_leg_contact,right_leg_contact,navigation_action,current_fps,fresh_observation,n_fresh_observations,n_fresh_observations_before_touchdown,n_fresh_observations_after_touchdown,instant_nav_reward,cumulative_nav_reward,instant_adaptive_reward,cumulative_adaptive_reward,instant_frame_penalty,terminated,truncated,vy_at_touchdown,success
1,0.0102647785,1.395302,0.5124537,-0.35965732,-0.0096185235,-0.072540104,False,False,1,25,True,2,2,0,0.002596401215784,0.002596401215784,0.002596401215784,0.002596401215784,0.0,False,False,nan,False
2,0.0152749065,1.3866179,0.50269836,-0.38596356,-0.011283027,-0.033292945,False,False,1,25,False,2,2,0,-0.10352158128355768,-0.10092518006777368,-0.10352158128355768,-0.10092518006777368,0.0,False,False,nan,False
3,0.020193387,1.3773291,0.49118772,-0.41283754,-0.01063947,0.012872222,False,False,1,25,True,3,3,0,0.1707055388746153,0.06978035880684161,0.1707055388746153,0.06978035880684161,0.0,False,False,nan,False
4,0.025036335,1.3674412,0.48172608,-0.43944094,-0.008099817,0.050797783,False,False,1,25,False,3,3,0,0.1635672776788806,0.2333476364857222,0.1635672776788806,0.2333476364857222,0.0,False,False,nan,False
5,0.029781342,1.3569472,0.46945137,-0.46638253,-0.0031019908,0.099966004,False,False,1,25,True,4,4,0,0.5405606531987541,0.7739082896844763,0.5405606531987541,0.7739082896844763,0.0,False,False,nan,False
6,0.034456633,1.3458532,0.46068883,-0.49306506,0.0036480343,0.13501298,False,False,1,25,False,4,4,0,-0.29226238798790294,0.4816459016965734,-0.29226238798790294,0.4816459016965734,0.0,False,False,nan,False
7,0.03905783,1.33417,0.45141053,-0.51930827,0.012252404,0.1721035,False,False,1,25,True,5,5,0,-1.0636254192199306,-0.5819795175233572,-1.0636254192199306,-0.5819795175233572,0.0,False,False,nan,False
8,0.043594074,1.3218966,0.44329873,-0.54559904,0.022474006,0.2044507,False,False,1,25,False,5,5,0,-1.3304365686255994,-1.9124160861489568,-1.3304365686255994,-1.9124160861489568,0.0,False,False,nan,False
9,0.048065852,1.3090158,0.4352079,-0.57270014,0.034312803,0.23679778,False,False,1,25,True,6,6,0,-1.5732666699961146,-3.4856827561450716,-1.5732666699961146,-3.4856827561450716,0.0,False,False,nan,False
10,0.052449606,1.2955383,0.42418486,-0.59938186,0.04835095,0.2807883,False,False,1,25,False,6,6,0,-1.6037188112181855,-5.089401567363257,-1.6037188112181855,-5.089401567363257,0.0,False,False,nan,False
11,0.05676832,1.2814664,0.41604728,-0.6260064,0.06400593,0.3131288,False,False,1,25,True,7,7,0,-1.9433125839705088,-7.032714151333766,-1.9433125839705088,-7.032714151333766,0.0,False,False,nan,False
12,0.06116619,1.2668002,0.4260274,-0.65248144,0.077647716,0.27286083,False,False,3,25,False,7,7,0,-2.709404339360957,-9.742118490694724,-2.709404339360957,-9.742118490694724,0.0,False,False,nan,False
13,0.06564598,1.251535,0.43631738,-0.6790919,0.08922256,0.23151782,False,False,3,25,True,8,8,0,-2.4783280097915665,-12.22044650048629,-2.4783280097915665,-12.22044650048629,0.0,False,False,nan,False
14,0.070057675,1.2356565,0.42777127,-0.7065627,0.10252236,0.2660201,False,False,1,25,False,8,8,0,-1.6771323136891272,-13.897578814175416,-1.6771323136891272,-13.897578814175416,0.0,False,False,nan,False
15,0.07438345,1.2191597,0.41701788,-0.73433465,0.1179975,0.30953044,False,False,1,25,True,9,9,0,-1.8078236874472668,-15.705402501622682,-1.8078236874472668,-15.705402501622682,0.0,False,False,nan,False
16,0.07849674,1.2025715,0.39660543,-0.73848706,0.13266873,0.2934519,False,False,2,25,False,9,9,0,0.48600917310961905,-15.219393328513064,0.48600917310961905,-15.219393328513064,0.0,False,False,nan,False
17,0.0825057,1.1864197,0.3862584,-0.7192293,0.14728515,0.29235524,False,False,2,25,True,10,10,0,2.009067214396862,-13.210326114116203,2.009067214396862,-13.210326114116203,0.0,False,False,nan,False
18,0.086362265,1.170302,0.371446,-0.717809,0.16148531,0.28402916,False,False,2,25,False,10,10,0,0.6765284079494449,-12.533797706166759,0.6765284079494449,-12.533797706166759,0.0,False,False,nan,False
19,0.09011869,1.1540972,0.3616738,-0.7217944,0.17548113,0.27994195,False,False,2,25,True,11,11,0,-0.023875203523846256,-12.557672909690606,-0.023875203523846256,-12.557672909690606,0.0,False,False,nan,False
20,0.093716905,1.1383986,0.34601906,-0.6994026,0.18935166,0.27743623,False,False,2,25,False,11,11,0,2.551243830733836,-10.00642907895677,2.551243830733836,-10.00642907895677,0.0,False,False,nan,False
21,0.09718046,1.1234894,0.33239302,-0.6644728,0.20341878,0.28136763,False,False,2,25,True,12,12,0,3.48407528434758,-6.522353794609191,3.48407528434758,-6.522353794609191,0.0,False,False,nan,False
22,0.10064621,1.1088037,0.3321252,-0.6547421,0.21801129,0.2918767,False,False,2,25,False,12,12,0,0.5540719687994169,-5.968281825809774,0.5540719687994169,-5.968281825809774,0.0,False,False,nan,False
23,0.10405197,1.0945747,0.3257566,-0.63465434,0.23303981,0.30059758,False,False,2,5,True,13,13,0,1.6612026295137639,-4.3070791962960095,1.6612026295137639,-4.3070791962960095,0.0,False,False,nan,False
24,0.10726261,1.0808284,0.30639544,-0.6133403,0.24796076,0.29844573,False,False,2,5,False,13,13,0,2.321280368231652,-1.9857988280643575,2.321280368231652,-1.9857988280643575,0.0,False,False,nan,False
25,0.11015339,1.0673106,0.27524367,-0.60318667,0.26207584,0.28230184,False,False,2,5,False,13,13,0,1.863708120296718,-0.12209070776763942,1.863708120296718,-0.12209070776763942,0.0,False,False,nan,False
26,0.1129117,1.0541948,0.26183885,-0.5854935,0.2763997,0.28647745,False,False,2,5,False,13,13,0,1.7074558224348493,1.5853651146672099,1.7074558224348493,1.5853651146672099,0.0,False,False,nan,False
27,0.115370944,1.0419308,0.23209572,-0.54774696,0.29061532,0.28431207,False,False,2,5,False,13,13,0,4.119447336843177,5.704812451510387,4.119447336843177,5.704812451510387,0.0,False,False,nan,False
28,0.11763887,1.0300626,0.21299496,-0.5302931,0.30486363,0.28496653,False,False,2,5,False,13,13,0,1.7713323169019588,7.476144768412346,1.7713323169019588,7.476144768412346,0.0,False,False,nan,False
29,0.119743064,1.0185187,0.19654788,-0.5160356,0.31924522,0.28763258,False,False,2,5,False,13,13,0,1.3113895370479838,8.78753430546033,1.3113895370479838,8.78753430546033,0.0,False,False,nan,False
30,0.12171745,1.0069433,0.1836587,-0.5175649,0.33360747,0.2872451,False,False,2,5,False,13,13,0,-0.3087698618471563,8.478764443613173,-0.3087698618471563,8.478764443613173,0.0,False,False,nan,False
31,0.12352123,0.9959142,0.16625956,-0.493512,0.34838146,0.2954802,False,False,2,5,False,13,13,0,2.137377402902996,10.616141846516168,2.137377402902996,10.616141846516168,0.0,False,False,nan,False
32,0.12503481,0.9851675,0.1376387,-0.48102334,0.36282346,0.28883967,False,False,2,5,False,13,13,0,1.3470063201769278,11.963148166693095,1.3470063201769278,11.963148166693095,0.0,False,False,nan,False
33,0.12650967,0.97436917,0.13342635,-0.48355573,0.37769797,0.29749122,False,False,2,5,True,14,14,0,-0.8650173518663167,11.098130814826778,-0.8650173518663167,11.098130814826778,0.0,False,False,nan,False
34,0.128059,0.9630069,0.14287817,-0.5082314,0.3905352,0.2567448,False,False,3,5,False,14,14,0,-2.8380625773612835,8.260068237465495,-2.8380625773612835,8.260068237465495,0.0,False,False,nan,False
35,0.12969407,0.9510943,0.15376253,-0.5321536,0.4009617,0.20852935,False,False,3,5,False,14,14,0,-2.512835250258489,5.747232987207006,-2.512835250258489,5.747232987207006,0.0,False,False,nan,False
36,0.13139172,0.9386347,0.16180845,-0.5560302,0.40949252,0.17061691,False,False,3,5,False,14,14,0,-2.1893567648325516,3.5578762223744547,-2.1893567648325516,3.5578762223744547,0.0,False,False,nan,False
37,0.13315248,0.92562765,0.16993567,-0.5798858,0.41610697,0.13228868,False,False,3,5,False,14,14,0,-1.9461170498049671,1.6117591725694875,-1.9461170498049671,1.6117591725694875,0.0,False,False,nan,False
38,0.13499336,0.9120824,0.18018644,-0.6031698,0.42032677,0.08439625,False,False,3,5,False,14,14,0,-1.661800344941695,-0.0500411723722074,-1.661800344941695,-0.0500411723722074,0.0,False,False,nan,False
39,0.13689509,0.8979821,0.18793009,-0.627348,0.422747,0.04840414,False,False,3,5,False,14,14,0,-1.4442152631584395,-1.494256435530647,-1.4442152631584395,-1.494256435530647,0.0,False,False,nan,False
40,0.13886805,0.8833204,0.19689177,-0.65175503,0.4231805,0.008670313,False,False,3,5,False,14,14,0,-1.2500229475058109,-2.744279383036458,-1.2500229475058109,-2.744279383036458,0.0,False,False,nan,False
41,0.14092807,0.86810833,0.20787697,-0.6755345,0.42116043,-0.040400397,False,False,3,5,False,14,14,0,-0.9532974130351295,-3.697576796071587,-0.9532974130351295,-3.697576796071587,0.0,False,False,nan,False
42,0.14304504,0.8523262,0.21502909,-0.7004439,0.4175621,-0.07196687,False,False,3,5,False,14,14,0,-0.738642855540063,-4.43621965161165,-0.738642855540063,-4.43621965161165,0.0,False,False,nan,False
43,0.14523068,0.8359915,0.22375432,-0.7244616,0.41196063,-0.11202954,False,False,3,5,True,15,15,0,-0.44866416466683634,-4.884883816278487,-0.44866416466683634,-4.884883816278487,0.0,False,False,nan,False
44,0.14692259,0.82028836,0.17492877,-0.69625556,0.4057883,-0.123446345,False,False,2,5,False,15,15,0,5.86773498471008,0.9828511684315933,5.86773498471008,0.9828511684315933,0.0,False,False,nan,False
45,0.14842406,0.804845,0.15567365,-0.68479955,0.39985347,-0.1186962,False,False,2,5,False,15,15,0,3.3483719577450417,4.331223126176635,3.3483719577450417,4.331223126176635,0.0,False,False,nan,False
46,0.14945593,0.7901337,0.10910706,-0.6521817,0.393518,-0.12670855,False,False,2,5,False,15,15,0,5.8633053368946095,10.194528463071244,5.8633053368946095,10.194528463071244,0.0,False,False,nan,False
47,0.15005112,0.7759,0.066000596,-0.6308288,0.3865917,-0.13852605,False,False,2,5,False,15,15,0,4.476802186235216,14.671330649306459,4.476802186235216,14.671330649306459,0.0,False,False,nan,False
48,0.15024939,0.7622289,0.02666009,-0.6057728,0.37931758,-0.14548215,False,False,2,5,False,15,15,0,4.5566789400993,19.228009589405758,4.5566789400993,19.228009589405758,0.0,False,False,nan,False
49,0.15016346,0.74862814,-0.0013094326,-0.60256207,0.3715885,-0.1545814,False,False,2,5,False,15,15,0,2.188106624902457,21.416116214308214,2.188106624902457,21.416116214308214,0.0,False,False,nan,False
50,0.14979811,0.73524487,-0.028956637,-0.5928675,0.363571,-0.1603498,False,False,2,5,False,15,15,0,2.7197145403467973,24.13583075465501,2.7197145403467973,24.13583075465501,0.0,False,False,nan,False
51,0.14917126,0.7223615,-0.055162497,-0.5707054,0.35562965,-0.15882614,False,False,2,5,False,15,15,0,3.7896930787530723,27.925523833408082,3.7896930787530723,27.925523833408082,0.0,False,False,nan,False
52,0.1481698,0.7100684,-0.09225491,-0.5444347,0.34734353,-0.16572252,False,False,2,5,False,15,15,0,3.869554238805546,31.795078072213627,3.869554238805546,31.795078072213627,0.0,False,False,nan,False
53,0.14683561,0.6986243,-0.12558815,-0.5067594,0.33913177,-0.16423504,False,False,2,5,True,16,16,0,4.679258141719925,36.474336213933555,4.679258141719925,36.474336213933555,0.0,False,False,nan,False
54,0.14558125,0.6866282,-0.115427814,-0.5308383,0.3286757,-0.20912166,False,False,3,5,False,16,16,0,0.09992080781549476,36.57425702174905,0.09992080781549476,36.57425702174905,0.0,False,False,nan,False
55,0.14438972,0.6740573,-0.10750787,-0.5561092,0.31654832,-0.24254787,False,False,3,5,False,16,16,0,0.12078143503461661,36.695038456783664,0.12078143503461661,36.695038456783664,0.0,False,False,nan,False
56,0.14327344,0.6609248,-0.09793707,-0.58074194,0.30236015,-0.2837638,False,False,3,5,False,16,16,0,0.44246397699794326,37.137502433781606,0.44246397699794326,37.137502433781606,0.0,False,False,nan,False
57,0.14222097,0.6472195,-0.08985269,-0.60600215,0.28646818,-0.31784016,False,False,3,5,False,16,16,0,0.5521417683162906,37.689644202097895,0.5521417683162906,37.689644202097895,0.0,False,False,nan,False
58,0.14124918,0.6329541,-0.07955446,-0.6306644,0.2683837,-0.36168915,False,False,3,5,False,16,16,0,0.8887530887888613,38.578397290886755,0.8887530887888613,38.578397290886755,0.0,False,False,nan,False
59,0.14034319,0.6181139,-0.07119779,-0.6561301,0.24856539,-0.39636698,False,False,3,5,False,16,16,0,0.987584684348634,39.56598197523539,0.987584684348634,39.56598197523539,0.0,False,False,nan,False
60,0.1395193,0.60272235,-0.060653485,-0.680542,0.2264905,-0.4414979,False,False,3,5,False,16,16,0,1.3703482638617015,40.93633023909709,1.3703482638617015,40.93633023909709,0.0,False,False,nan,False
61,0.13879147,0.58676,-0.048461266,-0.7058918,0.20192496,-0.4913113,False,False,3,5,False,16,16,0,1.5660084960421454,42.50233873513923,1.5660084960421454,42.50233873513923,0.0,False,False,nan,False
62,0.13813248,0.5702154,-0.039700173,-0.7319542,0.17559536,-0.5265925,False,False,3,5,False,16,16,0,1.679634480523846,44.18197321566308,1.679634480523846,44.18197321566308,0.0,False,False,nan,False
63,0.13753262,0.5531068,-0.032073405,-0.7573221,0.14767669,-0.5583738,False,False,3,50,True,17,17,0,1.9406306137314584,46.122603829394535,1.9406306137314584,46.122603829394535,0.0,False,False,nan,False
64,0.13666439,0.5367851,-0.05820312,-0.7228144,0.11916137,-0.5703067,False,False,2,50,True,18,18,0,7.44024925597567,53.56285308537021,7.44024925597567,53.56285308537021,0.0,False,False,nan,False
65,0.13584185,0.5205999,-0.054014612,-0.71733284,0.091128014,-0.5606674,False,False,2,50,True,19,19,0,4.670200359961211,58.23305344533142,4.670200359961211,58.23305344533142,0.0,False,False,nan,False
66,0.13491563,0.50528026,-0.06424033,-0.6793833,0.06303091,-0.56194234,False,False,2,50,True,20,20,0,7.709571209326637,65.94262465465806,7.709571209326637,65.94262465465806,0.0,False,False,nan,False
67,0.13389817,0.48992845,-0.07300793,-0.6813391,0.034624342,-0.56813174,False,False,2,50,True,21,21,0,3.7666777509172933,69.70930240557536,3.7666777509172933,69.70930240557536,0.0,False,False,nan,False
68,0.13281307,0.47452456,-0.079487,-0.6841932,0.005965416,-0.5731787,False,False,2,50,True,22,22,0,3.7239218950259785,73.43322430060134,3.7239218950259785,73.43322430060134,0.0,False,False,nan,False
69,0.13163748,0.45974672,-0.08812527,-0.656932,-0.023086889,-0.5810466,False,False,2,50,True,23,23,0,2.039625531823231,75.47284983242457,2.039625531823231,75.47284983242457,0.0,False,False,nan,False
70,0.1306365,0.4455821,-0.07141968,-0.63022196,-0.051416103,-0.5665842,False,False,2,50,True,24,24,0,1.1115141630823444,76.58436399550692,1.1115141630823444,76.58436399550692,0.0,False,False,nan,False
71,0.1295639,0.4318484,-0.078114584,-0.61163944,-0.08023684,-0.57641494,False,False,2,50,True,25,25,0,-0.07005110404068943,76.51431289146623,-0.07005110404068943,76.51431289146623,0.0,False,False,nan,False
72,0.12843132,0.4175427,-0.08575895,-0.63750994,-0.10750506,-0.54536474,False,False,1,50,True,26,26,0,-4.019580113800571,72.49473277766566,-4.019580113800571,72.49473277766566,0.0,False,False,nan,False
73,0.12749176,0.4032851,-0.06720136,-0.6358125,-0.1340978,-0.53185475,False,False,2,50,True,27,27,0,-1.1803546824263862,71.31437809523928,-1.1803546824263862,71.31437809523928,0.0,False,False,nan,False
74,0.12649289,0.38928738,-0.07261036,-0.62479967,-0.16131549,-0.5443541,False,False,2,50,True,28,28,0,-0.6233645871407021,70.69101350809858,-0.6233645871407021,70.69101350809858,0.0,False,False,nan,False
75,0.12565775,0.37531614,-0.056787424,-0.6240613,-0.18809405,-0.53557104,False,False,2,50,True,29,29,0,-1.3883781087757996,69.30263539932278,-1.3883781087757996,69.30263539932278,0.0,False,False,nan,False
76,0.1247551,0.3607632,-0.06539972,-0.6501467,-0.21313497,-0.50081885,False,False,1,50,True,30,30,0,-3.806101393585705,65.49653400573708,-3.806101393585705,65.49653400573708,0.0,False,False,nan,False
77,0.123934075,0.34638593,-0.057236362,-0.6427768,-0.23831125,-0.5035256,False,False,2,5,True,31,31,0,-0.6233364108980226,64.87319759483906,-0.6233364108980226,64.87319759483906,0.0,False,False,nan,False
78,0.12327461,0.33205226,-0.0414887,-0.6412088,-0.26322865,-0.4983481,False,False,2,5,False,31,31,0,-1.1454000841818897,63.72779751065717,-1.1454000841818897,63.72779751065717,0.0,False,False,nan,False
79,0.12275343,0.31811136,-0.027647559,-0.62418556,-0.28832334,-0.50189424,False,False,2,5,False,31,31,0,0.28802091038423044,64.0158184210414,0.28802091038423044,64.0158184210414,0.0,False,False,nan,False
80,0.122478865,0.30489665,-0.0031000758,-0.5923382,-0.31348523,-0.503238,False,False,2,5,False,31,31,0,1.668604636693442,65.68442305773485,1.668604636693442,65.68442305773485,0.0,False,False,nan,False
81,0.122560695,0.29223076,0.031883337,-0.5682424,-0.33816993,-0.49369392,False,False,2,5,False,31,31,0,0.7211685128407026,66.40559157057555,0.7211685128407026,66.40559157057555,0.0,False,False,nan,False
82,0.12306146,0.2799915,0.072837606,-0.549486,-0.36207515,-0.4781041,False,False,2,5,False,31,31,0,-0.10125592647706866,66.30433564409849,-0.10125592647706866,66.30433564409849,0.0,False,False,nan,False
83,0.12372856,0.2682445,0.08970611,-0.5280913,-0.3864524,-0.48754486,False,False,2,5,False,31,31,0,0.16964206086624928,66.47397770496474,0.16964206086624928,66.47397770496474,0.0,False,False,nan,False
84,0.12458601,0.25696945,0.10891072,-0.5075983,-0.41125855,-0.49612293,False,False,2,5,False,31,31,0,-0.14743994074929673,66.32653776421544,-0.14743994074929673,66.32653776421544,0.0,False,False,nan,False
85,0.12569427,0.24560645,0.13334645,-0.5117668,-0.43563116,-0.48745197,False,False,2,5,False,31,31,0,-2.739884214165772,63.586653550049675,-2.739884214165772,63.586653550049675,0.0,False,False,nan,False
86,0.12696867,0.23442057,0.14999849,-0.5043554,-0.4603164,-0.49370456,False,False,2,5,False,31,31,0,-1.5715130712297622,62.015140478819916,-1.5715130712297622,62.015140478819916,0.0,False,False,nan,False
87,0.12867537,0.2240643,0.19309096,-0.4679002,-0.48516724,-0.4970171,False,False,2,5,True,32,32,0,0.03741094864517153,62.05255142746509,0.03741094864517153,62.05255142746509,0.0,False,False,nan,False
88,0.13032922,0.2131568,0.18606482,-0.49222714,-0.50835836,-0.46382275,False,False,1,5,False,32,32,0,-3.499401158856925,58.553150268608164,-3.499401158856925,58.553150268608164,0.0,False,False,nan,False
89,0.13193178,0.20170785,0.17913274,-0.5160131,-0.5298043,-0.42892042,False,False,1,5,False,32,32,0,-3.292726930920223,55.26042333768794,-3.292726930920223,55.26042333768794,0.0,False,False,nan,False
90,0.1334589,0.1897306,0.1692613,-0.5389095,-0.54882264,-0.38036743,False,False,1,5,False,32,32,0,-2.890674717052774,52.369748620635164,-2.890674717052774,52.369748620635164,0.0,False,False,nan,False
91,0.13490343,0.17722179,0.15860412,-0.5618145,-0.5652778,-0.32910308,False,False,1,5,False,32,32,0,-2.6420304749769614,49.7277181456582,-2.6420304749769614,49.7277181456582,0.0,False,False,nan,False
92,0.13627252,0.16417809,0.14890379,-0.5848681,-0.5793607,-0.28165814,False,False,1,5,False,32,32,0,-2.4775361611049775,47.25018198455322,-2.4775361611049775,47.25018198455322,0.0,False,False,nan,False
93,0.13757114,0.15061413,0.13968198,-0.60717547,-0.59099567,-0.23269923,False,False,1,5,False,32,32,0,-2.2066168976557194,45.0435650868975,-2.2066168976557194,45.0435650868975,0.0,False,False,nan,False
94,0.13880357,0.13651623,0.1311669,-0.6301477,-0.6004367,-0.18881978,False,False,1,5,False,32,32,0,-2.1060798446029296,42.93748524229457,-2.1060798446029296,42.93748524229457,0.0,False,False,nan,False
95,0.1399602,0.12189182,0.12145151,-0.6526359,-0.6073805,-0.13887677,False,False,1,5,False,32,32,0,-1.8340311891702459,41.103454053124324,-1.8340311891702459,41.103454053124324,0.0,False,False,nan,False
96,0.14106226,0.10671809,0.114503525,-0.67639166,-0.6125544,-0.10347761,False,False,1,5,False,32,32,0,-1.8933176305566508,39.21013642256767,-1.8933176305566508,39.21013642256767,0.0,False,False,nan,False
97,0.14210157,0.09102538,0.10628891,-0.69856286,-0.61540544,-0.05702155,False,False,1,5,True,33,33,0,-1.5612159836830688,37.6489204388846,-1.5612159836830688,37.6489204388846,0.0,False,False,nan,False
98,0.14347982,0.075608335,0.14042081,-0.6864242,-0.618534,-0.06257167,False,False,2,5,False,33,33,0,0.6407746962336034,38.28969513511821,0.6407746962336034,38.28969513511821,0.0,False,False,nan,False
99,0.14526463,0.060271464,0.18079916,-0.68274367,-0.62134665,-0.05625116,True,False,2,5,False,33,33,0,-100,-61.71030486488179,-100.0,-61.71030486488179,0.0,False,False,0.68274367,False
100,0.14719304,0.047711287,0.18385077,-0.5538753,-0.61116195,0.20271032,False,False,2,5,False,33,33,0,3.2409629094970116,-58.46934195538478,3.2409629094970116,-58.46934195538478,0.0,False,False,nan,False
101,0.14650384,0.043605145,-0.050524462,-0.19553183,-0.61661,-0.08307602,False,False,2,5,False,33,33,0,37.50665535531634,-20.962686600068437,37.50665535531634,-20.962686600068437,0.0,False,False,nan,False
102,0.14613228,0.040643416,-0.04640501,-0.1273141,-0.60533506,0.22565635,False,False,2,5,False,33,33,0,7.589773244699427,-13.372913355369011,7.589773244699427,-13.372913355369011,0.0,False,False,nan,False
103,0.14570197,0.03915375,-0.06309311,-0.057256687,-0.5804585,0.4988471,False,False,2,5,False,33,33,0,7.299190608513823,-6.073722746855188,7.299190608513823,-6.073722746855188,0.0,False,False,nan,False
104,0.14575319,0.038619097,-0.024434319,-0.011289968,-0.54589516,0.69131273,False,False,2,5,False,33,33,0,8.993537303248115,2.919814556392926,8.993537303248115,2.919814556392926,0.0,False,False,nan,False
105,0.14627914,0.03832899,0.020577533,-0.00041825275,-0.50928485,0.7322122,False,False,2,5,False,33,33,0,3.95103728733437,6.870851843727296,3.95103728733437,6.870851843727296,0.0,False,False,nan,False
106,0.14691725,0.03811334,0.032905307,0.0014905261,-0.47462264,0.6932712,False,False,2,5,False,33,33,0,1.87418955984229,8.745041403569585,1.87418955984229,8.745041403569585,0.0,False,False,nan,False
107,0.14779787,0.03812121,0.056785125,0.010640833,-0.44017214,0.68903625,False,False,2,1,True,34,33,1,0.5761514635253178,9.321192867094902,0.5761514635253178,9.321192867094902,0.0,False,False,nan,False
108,0.14877233,0.03749071,0.06803024,-0.01913923,-0.40827453,0.6379765,False,False,3,1,False,34,33,1,1.7911383208879397,11.112331187982843,1.7911383208879397,11.112331187982843,0.0,False,False,nan,False
109,0.14982852,0.036222063,0.07792857,-0.04869644,-0.3786426,0.59266144,False,False,3,1,False,34,33,1,0.7389467015052713,11.851277889488115,0.7389467015052713,11.851277889488115,0.0,False,False,nan,False
110,0.1509736,0.034316193,0.08877824,-0.07813341,-0.35142997,0.54427344,False,False,3,1,False,34,33,1,-0.013885402953482923,11.837392486534632,-0.013885402953482923,11.837392486534632,0.0,False,False,nan,False
111,0.15219374,0.03176924,0.098070994,-0.10755392,-0.32633469,0.50192475,False,False,3,1,False,34,33,1,-0.31435433569666915,11.523038150837964,-0.31435433569666915,11.523038150837964,0.0,False,False,nan,False
112,0.15350132,0.028594503,0.10882568,-0.13632259,-0.30354533,0.45580465,False,False,3,1,False,34,33,1,-0.7058106229322607,10.817227527905704,-0.7058106229322607,10.817227527905704,0.0,False,False,nan,False
113,0.15490389,0.024788985,0.12061199,-0.16516651,-0.2832648,0.405626,False,False,3,1,False,34,33,1,-1.0836387927444793,9.733588735161225,-1.0836387927444793,9.733588735161225,0.0,False,False,nan,False
114,0.15620032,0.020907506,0.10393711,-0.16778247,-0.25684622,0.5285008,True,False,3,1,False,34,33,1,13.254972678581291,22.988561413742516,13.254972678581291,22.988561413742516,0.0,False,False,nan,False
115,0.1574463,0.017145619,0.08670601,-0.16105781,-0.21831897,0.77059305,True,False,3,1,False,34,33,1,5.18968001338886,28.178241427131375,5.18968001338886,28.178241427131375,0.0,False,False,nan,False
116,0.15864658,0.013485942,0.06889875,-0.15594603,-0.16682813,1.0298784,True,False,3,1,False,34,33,1,6.277512905129869,34.45575433226124,6.277512905129869,34.45575433226124,0.0,False,False,nan,False
117,0.15985298,0.009735928,0.059987325,-0.16102019,-0.10631429,1.2103612,True,False,3,1,False,34,33,1,5.794027471594348,40.24978180385559,5.794027471594348,40.24978180385559,0.0,False,False,nan,False
118,0.16111441,0.0056744907,0.061550844,-0.1772022,-0.04226802,1.2810305,True,False,3,1,False,34,33,1,4.692476432634721,44.94225823649031,4.692476432634721,44.94225823649031,0.0,False,False,nan,False
119,0.1624546,0.001123283,0.07018175,-0.20172003,0.020835383,1.2621658,True,False,3,1,False,34,33,1,-0.610398243505698,44.33185999298461,-0.610398243505698,44.33185999298461,0.0,False,False,nan,False
120,0.1637992,-0.0031695748,0.08955343,-0.192061,0.06513116,0.88582504,True,True,3,1,False,34,33,1,5.569963266407897,49.90182325939251,5.569963266407897,49.90182325939251,0.0,False,False,nan,False
121,0.16505805,-0.007135525,0.094921544,-0.1779172,0.09576782,0.61270016,True,True,3,1,False,34,33,1,-2.206043255953061,47.695780003439445,-2.206043255953061,47.695780003439445,0.0,False,False,nan,False
122,0.16624622,-0.010592892,0.095465645,-0.15533213,0.11894805,0.46359596,True,True,3,1,False,34,33,1,-0.5519896150001518,47.14379038843929,-0.5519896150001518,47.14379038843929,0.0,False,False,nan,False
123,0.16734838,-0.013426556,0.08915655,-0.12776081,0.13988484,0.41869956,True,True,3,1,False,34,33,1,0.39898379063894507,47.542774179078236,0.39898379063894507,47.542774179078236,0.0,False,False,nan,False
124,0.1683157,-0.01573154,0.07856165,-0.10425051,0.15801649,0.3626355,True,True,3,1,False,34,33,1,0.5661308033699382,48.10890498244817,0.5661308033699382,48.10890498244817,0.0,False,False,nan,False
125,0.16909333,-0.017565385,0.062140476,-0.0832435,0.1736341,0.3123349,True,True,3,1,False,34,33,1,0.9786835333753825,49.087588515823555,0.9786835333753825,49.087588515823555,0.0,False,False,nan,False
126,0.16971025,-0.018926516,0.049349777,-0.061989225,0.18600594,0.24742472,True,True,3,1,False,34,33,1,1.121412933902705,50.20900144972626,1.121412933902705,50.20900144972626,0.0,False,False,nan,False
127,0.17014837,-0.01981422,0.0340947,-0.040705167,0.19577043,0.19528174,True,True,3,1,False,34,33,1,1.553627228623179,51.76262867834944,1.553627228623179,51.76262867834944,0.0,False,False,nan,False
128,0.17040348,-0.02023336,0.018188622,-0.019617103,0.20314763,0.14753793,True,True,3,1,False,34,33,1,1.8366355633152704,53.599264241664706,1.8366355633152704,53.599264241664706,0.0,False,False,nan,False
129,0.17050238,-0.0202001,0.0055934386,0.0008814256,0.20747532,0.08654996,True,True,3,1,False,34,33,1,1.6367324737976088,55.23599671546231,1.6367324737976088,55.23599671546231,0.0,False,False,nan,False
130,0.1705224,-0.019732537,0.0006308904,0.02059433,0.20884082,0.027280774,True,True,3,1,False,34,33,1,-1.657254156408874,53.57874255905344,-1.657254156408874,53.57874255905344,0.0,False,False,nan,False
131,0.17049322,-0.018858245,-0.0028173306,0.038871128,0.20873842,-0.0020507756,True,True,3,1,False,34,33,1,-1.8439393207544004,51.73480323829904,-1.8439393207544004,51.73480323829904,0.0,False,False,nan,False
132,0.17044124,-0.017624678,-0.004390842,0.054939233,0.20791768,-0.016416775,True,True,3,1,False,34,33,1,-1.5437650075182805,50.191038230780755,-1.5437650075182805,50.191038230780755,0.0,False,False,nan,False
133,0.17038937,-0.01613498,-0.0045008827,0.06630488,0.20722504,-0.013855445,True,True,3,1,False,34,33,1,-1.0751946581252827,49.11584357265547,-1.0751946581252827,49.11584357265547,0.0,False,False,nan,False
134,0.17034435,-0.0145431785,-0.0044268137,0.070759706,0.20714942,-0.0015152897,True,True,3,1,False,34,33,1,-0.4477390541887434,48.66810451846673,-0.4477390541887434,48.66810451846673,0.0,False,False,nan,False
135,0.17031822,-0.012973943,-0.00284534,0.06971363,0.20738316,0.0046721916,True,True,3,1,False,34,33,1,0.07450225153942228,48.74260677000615,0.07450225153942228,48.74260677000615,0.0,False,False,nan,False
136,0.17031536,-0.0115312,-0.00060117093,0.06407841,0.20769681,0.006270904,True,True,3,1,False,34,33,1,0.51831648490741,49.26092325491356,0.51831648490741,49.26092325491356,0.0,False,False,nan,False
137,0.1703661,-0.010267022,0.005108139,0.056194354,0.20765513,-0.00083344756,True,True,3,1,False,34,33,1,0.7426955540782043,50.00361880899176,0.7426955540782043,50.00361880899176,0.0,False,False,nan,False
138,0.17048864,-0.009222141,0.012385389,0.046456803,0.20753756,-0.002350007,True,True,3,1,False,34,33,1,0.8101475622546073,50.813766371246366,0.8101475622546073,50.813766371246366,0.0,False,False,nan,False
139,0.17066546,-0.008389583,0.017580016,0.03698887,0.20764334,0.0021203908,True,True,3,1,False,34,33,1,0.6585959859785799,51.472362357224945,0.6585959859785799,51.472362357224945,0.0,False,False,nan,False
140,0.17083398,-0.0077325488,0.016954886,0.029215587,0.20753264,-0.0022088676,True,True,3,1,False,34,33,1,0.684843054249755,52.1572054114747,0.684843054249755,52.1572054114747,0.0,False,False,nan,False
141,0.1710022,-0.007197752,0.017112147,0.023809187,0.20725335,-0.0055787675,True,True,3,1,False,34,33,1,0.4292838486166215,52.58648926009132,0.4292838486166215,52.58648926009132,0.0,False,False,nan,False
142,0.17113885,-0.0067228223,0.01360839,0.021097954,0.2073261,0.0014605157,True,True,3,1,False,34,33,1,0.3724688197705899,52.95895807986191,0.3724688197705899,52.95895807986191,0.0,False,False,nan,False
143,0.17123775,-0.0062461756,0.009678802,0.02115644,0.2075307,0.004090892,True,True,3,1,False,34,33,1,0.12553234407199312,53.0844904239339,0.12553234407199312,53.0844904239339,0.0,False,False,nan,False
144,0.1713212,-0.0057147406,0.0076143034,0.02351973,0.20826599,0.014690076,True,True,3,1,False,34,33,1,-0.25563902934412996,52.82885139458977,-0.25563902934412996,52.82885139458977,0.0,False,False,nan,False
145,0.17142315,-0.0050994065,0.00910217,0.027200367,0.2093484,0.02163111,True,True,3,1,False,34,33,1,-0.5426253516037665,52.286226042986,-0.5426253516037665,52.286226042986,0.0,False,False,nan,False
146,0.1715519,-0.004379215,0.012156351,0.031905834,0.21007282,0.014488615,True,True,3,1,False,34,33,1,-0.6593520897646516,51.62687395322135,-0.6593520897646516,51.62687395322135,0.0,False,False,nan,False
147,0.17170534,-0.0035586024,0.014974405,0.03641712,0.21045111,0.0075667426,True,True,3,1,False,34,33,1,-0.6045134800292888,51.02236047319206,-0.6045134800292888,51.02236047319206,0.0,False,False,nan,False
148,0.17189579,-0.0026461864,0.018904176,0.04053009,0.21059617,0.002902329,True,True,3,1,False,34,33,1,-0.5965373634445885,50.42582310974747,-0.5965373634445885,50.42582310974747,0.0,False,False,nan,False
149,0.17210265,-0.0016704702,0.020170482,0.043293953,0.21111132,0.010303911,True,True,3,1,False,34,33,1,-0.40498172800564336,50.020841381741825,-0.40498172800564336,50.020841381741825,0.0,False,False,nan,False
150,0.17231388,-0.0006564522,0.020352514,0.04495567,0.21188888,0.015551212,True,True,3,1,False,34,33,1,-0.28679989712244125,49.73404148461938,-0.28679989712244125,49.73404148461938,0.0,False,False,nan,False
151,0.17256756,0.00037390948,0.025061462,0.04574908,0.21221581,0.006541718,True,True,3,1,False,34,33,1,-0.36953756099452906,49.36450392362485,-0.36953756099452906,49.36450392362485,0.0,False,False,nan,False
152,0.17283793,0.0013811684,0.026822373,0.04473453,0.21243198,0.004333837,True,True,3,1,False,34,33,1,-0.07874591173341258,49.28575801189144,-0.07874591173341258,49.28575801189144,0.0,False,False,nan,False
153,0.17309484,0.002335391,0.025279487,0.042348437,0.21284783,0.008324461,True,True,3,1,False,34,33,1,0.1856742147054871,49.471432226596924,0.1856742147054871,49.471432226596924,0.0,False,False,nan,False
154,0.1733448,0.0032259559,0.024998885,0.039578013,0.21285369,0.0001281887,True,True,3,1,False,34,33,1,0.19377235068971402,49.66520457728664,0.19377235068971402,49.66520457728664,0.0,False,False,nan,False
155,0.1735754,0.0040694927,0.022961175,0.037477456,0.21294793,0.0018906596,True,True,3,1,False,34,33,1,0.2217500780574693,49.886954655344105,0.2217500780574693,49.886954655344105,0.0,False,False,nan,False
156,0.17379446,0.0048547722,0.02183776,0.034890838,0.21302176,0.001482506,True,True,3,1,False,34,33,1,0.21776231959798167,50.104716974942086,0.21776231959798167,50.104716974942086,0.0,False,False,nan,False
157,0.17399006,0.0056041814,0.018916752,0.033215422,0.21365584,0.012678188,True,True,3,1,True,35,33,2,0.1784802603094147,50.2831972352515,0.1784802603094147,50.2831972352515,0.0,False,False,nan,False
158,0.17385693,0.007281134,-0.0148719875,0.074315146,0.2152131,0.031137368,True,True,2,1,False,35,33,2,-4.205048574199121,46.07814866105238,-4.205048574199121,46.07814866105238,0.0,False,False,nan,False
159,0.17367554,0.009054968,-0.018066699,0.07885031,0.21516334,-0.0009654697,True,True,2,1,False,35,33,2,-0.7957315667146319,45.28241709433775,-0.7957315667146319,45.28241709433775,0.0,False,False,nan,False
160,0.17338505,0.011260924,-0.029729951,0.09794512,0.2158443,0.013623333,False,True,2,1,False,35,33,2,-12.49840585129721,32.78401124304054,-12.49840585129721,32.78401124304054,0.0,False,False,nan,False
161,0.17309856,0.013967094,-0.030102622,0.120060645,0.21730866,0.029291123,False,False,2,1,False,35,33,2,-12.579428237069312,20.204583005971227,-12.579428237069312,20.204583005971227,0.0,False,False,nan,False
162,0.1727601,0.01744009,-0.03598825,0.1540378,0.21948028,0.043437067,False,False,2,1,False,35,33,2,-3.955768699166721,16.248814306804505,-3.955768699166721,16.248814306804505,0.0,False,False,nan,False
163,0.17247209,0.021180449,-0.031772923,0.16579777,0.22248948,0.060189527,False,False,2,1,False,35,33,2,-1.676758543958026,14.572055762846478,-1.676758543958026,14.572055762846478,0.0,False,False,nan,False
164,0.1718382,0.025621472,-0.065704,0.19702692,0.22483279,0.04687091,False,False,2,1,False,35,33,2,-4.419217784430901,10.152837978415576,-4.419217784430901,10.152837978415576,0.0,False,False,nan,False
165,0.17100306,0.030024944,-0.08531331,0.19543305,0.22665915,0.03653173,False,False,2,1,False,35,33,2,-1.0256608067834592,9.127177171632116,-1.0256608067834592,9.127177171632116,0.0,False,False,nan,False
166,0.16993675,0.0346485,-0.107963875,0.20528539,0.22801688,0.027158732,False,False,2,1,False,35,33,2,-2.2873725755026255,6.839804596129491,-2.2873725755026255,6.839804596129491,0.0,False,False,nan,False
167,0.16876383,0.039228927,-0.118552126,0.20338002,0.22928917,0.025449703,False,False,2,1,False,35,33,2,-0.756823347543093,6.082981248586398,-0.756823347543093,6.082981248586398,0.0,False,False,nan,False
168,0.16745643,0.043983374,-0.13193855,0.21112217,0.2305072,0.024364334,False,False,2,1,False,35,33,2,-1.7639331353262862,4.319048113260112,-1.7639331353262862,4.319048113260112,0.0,False,False,nan,False
169,0.16588087,0.049425825,-0.15847662,0.24174474,0.23143691,0.018598493,False,False,2,1,False,35,33,2,-4.398205178940375,-0.07915706568026337,-4.398205178940375,-0.07915706568026337,0.0,False,False,nan,False
170,0.16433744,0.05486177,-0.1558283,0.24136229,0.23294511,0.030168418,False,False,2,1,False,35,33,2,-0.29086586211973325,-0.3700229277999966,-0.29086586211973325,-0.3700229277999966,0.0,False,False,nan,False
171,0.16254339,0.060675796,-0.18047026,0.2582336,0.23402621,0.021625504,False,False,2,1,False,35,33,2,-3.20786313599078,-3.5778860637907766,-3.20786313599078,-3.5778860637907766,0.0,False,False,nan,False
172,0.16060123,0.0673766,-0.19568002,0.29757863,0.2355224,0.029928055,False,False,2,1,False,35,33,2,-4.626412336296485,-8.20429840008726,-4.626412336296485,-8.20429840008726,0.0,False,False,nan,False
173,0.15845461,0.07439769,-0.21588822,0.3118519,0.23676766,0.024909085,False,False,2,1,False,35,33,2,-2.827111912132895,-11.031410312220157,-2.827111912132895,-11.031410312220157,0.0,False,False,nan,False
174,0.15613842,0.081373364,-0.23249936,0.3098889,0.23765323,0.017715171,False,False,2,1,False,35,33,2,-1.3027848356494787,-12.334195147869636,-1.3027848356494787,-12.334195147869636,0.0,False,False,nan,False
175,0.15347156,0.08893355,-0.2668483,0.33597803,0.23782593,0.0034574415,False,False,2,1,False,35,33,2,-4.612494103057375,-16.94668925092701,-4.612494103057375,-16.94668925092701,0.0,False,False,nan,False
176,0.15069294,0.09679857,-0.2781947,0.34950632,0.2381609,0.006702339,False,False,2,1,False,35,33,2,-2.2712466627559307,-19.217935913682943,-2.2712466627559307,-19.217935913682943,0.0,False,False,nan,False
177,0.14779587,0.10535861,-0.2904511,0.38032398,0.23891258,0.015037413,False,False,2,1,False,35,33,2,-3.79936454313854,-23.017300456821484,-3.79936454313854,-23.017300456821484,0.0,False,False,nan,False
178,0.14470711,0.11410404,-0.30933315,0.3886083,0.23937915,0.00933459,False,False,2,1,False,35,33,2,-2.4388135738408065,-25.45611403066229,-2.4388135738408065,-25.45611403066229,0.0,False,False,nan,False
179,0.1415906,0.12294875,-0.31249413,0.3929611,0.24023548,0.017129755,False,False,2,1,False,35,33,2,-1.2469989080354538,-26.703112938697746,-1.2469989080354538,-26.703112938697746,0.0,False,False,nan,False
180,0.1383398,0.13197048,-0.3258925,0.4008357,0.2410595,0.016483849,False,False,2,1,False,35,33,2,-2.2026747747744677,-28.905787713472215,-2.2026747747744677,-28.905787713472215,0.0,False,False,nan,False
181,0.13468055,0.14175318,-0.36591107,0.43478706,0.24105082,-0.00017067522,False,False,2,1,False,35,33,2,-5.900245359283292,-34.806033072755504,-5.900245359283292,-34.806033072755504,0.0,False,False,nan,False
182,0.1308879,0.15234055,-0.38006088,0.47041944,0.24184977,0.015978936,False,False,2,1,False,35,33,2,-4.560831321853331,-39.36686439460883,-4.560831321853331,-39.36686439460883,0.0,False,False,nan,False
183,0.12687054,0.16348158,-0.4023685,0.4950543,0.24249205,0.012845829,False,False,2,1,False,35,33,2,-4.291569537837179,-43.65843393244601,-4.291569537837179,-43.65843393244601,0.0,False,False,nan,False
184,0.12282324,0.1752258,-0.40610737,0.52173525,0.24389109,0.027980935,False,False,2,1,False,35,33,2,-3.4658049327698732,-47.12423886521588,-3.4658049327698732,-47.12423886521588,0.0,False,False,nan,False
185,0.11852255,0.18691865,-0.4307289,0.5195733,0.24456106,0.013399808,False,False,2,1,False,35,33,2,-2.4749721395547963,-49.59921100477067,-2.4749721395547963,-49.59921100477067,0.0,False,False,nan,False
186,0.11393919,0.19881406,-0.4583364,0.5286865,0.24456152,9.369552e-06,False,False,2,1,False,35,33,2,-3.5626813254053813,-53.16189233017605,-3.5626813254053813,-53.16189233017605,0.0,False,False,nan,False
187,0.10921745,0.21159004,-0.4726475,0.5677405,0.24504682,0.0097059375,False,False,2,1,False,35,33,2,-5.148240796072261,-58.31013312624831,-5.148240796072261,-58.31013312624831,0.0,False,False,nan,False
188,0.104339406,0.22441901,-0.4880735,0.5701329,0.24531895,0.0054428815,False,False,2,1,False,35,33,2,-2.442498579383442,-60.75263170563175,-2.442498579383442,-60.75263170563175,0.0,False,False,nan,False
189,0.09946661,0.2376395,-0.48830009,0.5874073,0.2463577,0.020774957,False,False,2,1,False,35,33,2,-2.751654738025013,-63.50428644365676,-2.751654738025013,-63.50428644365676,0.0,False,False,nan,False
190,0.09444551,0.2511007,-0.5031041,0.59810805,0.24736312,0.020108854,False,False,2,1,False,35,33,2,-3.2369746413457845,-66.74126108500255,-3.2369746413457845,-66.74126108500255,0.0,False,False,nan,False
191,0.08934774,0.26504582,-0.51122403,0.6195349,0.248844,0.029617703,False,False,2,1,False,35,33,2,-3.756618437507586,-70.49787952251013,-3.756618437507586,-70.49787952251013,0.0,False,False,nan,False
192,0.08407478,0.2798042,-0.5290276,0.6556367,0.2506131,0.035381235,False,False,2,1,False,35,33,2,-5.6458849573496535,-76.14376447985978,-5.6458849573496535,-76.14376447985978,0.0,False,False,nan,False
193,0.07855654,0.29480302,-0.5531146,0.66639227,0.25192517,0.026241397,False,False,2,1,False,35,33,2,-4.081878482435843,-80.22564296229562,-4.081878482435843,-80.22564296229562,0.0,False,False,nan,False
194,0.072908595,0.31012416,-0.5662128,0.6806974,0.25336522,0.02880105,False,False,2,1,False,35,33,2,-3.7302508485248778,-83.9558938108205,-3.7302508485248778,-83.9558938108205,0.0,False,False,nan,False
195,0.06720066,0.32619452,-0.57295907,0.7138587,0.25558046,0.044305228,False,False,2,1,False,35,33,2,-4.962957609871256,-88.91885142069175,-4.962957609871256,-88.91885142069175,0.0,False,False,nan,False
196,0.061351586,0.3430981,-0.58755803,0.7508056,0.2582812,0.054015182,False,False,2,1,False,35,33,2,-5.922044967141505,-94.84089638783325,-5.922044967141505,-94.84089638783325,0.0,False,False,nan,False
197,0.055321407,0.36084917,-0.6059824,0.78841126,0.26131278,0.060631163,False,False,2,1,False,35,33,2,-6.356422851134016,-101.19731923896727,-6.356422851134016,-101.19731923896727,0.0,False,False,nan,False
198,0.049034882,0.37946665,-0.63163394,0.8269056,0.2643673,0.06109069,False,False,2,1,False,35,33,2,-6.976847837869474,-108.17416707683674,-6.976847837869474,-108.17416707683674,0.0,False,False,nan,False
199,0.042721175,0.39811528,-0.6347336,0.8282176,0.26780903,0.06883447,False,False,2,1,False,35,33,2,-2.714647516213989,-110.88881459305072,-2.714647516213989,-110.88881459305072,0.0,False,False,nan,False
200,0.035974693,0.41756094,-0.6772407,0.86377627,0.27045986,0.053016342,False,False,2,1,False,35,33,2,-7.850457425346337,-118.73927201839706,-7.850457425346337,-118.73927201839706,0.0,False,False,nan,False
201,0.028949928,0.437512,-0.7047349,0.88629544,0.27278146,0.046432253,False,False,2,1,False,35,33,2,-5.939480131887467,-124.67875215028452,-5.939480131887467,-124.67875215028452,0.0,False,False,nan,False
202,0.021901703,0.45783785,-0.70777535,0.90281904,0.2758084,0.06053859,False,False,2,1,False,35,33,2,-4.077246439267316,-128.75599858955184,-4.077246439267316,-128.75599858955184,0.0,False,False,nan,False
203,0.014738751,0.47842455,-0.7194541,0.9143626,0.27904764,0.064784855,False,False,2,1,False,35,33,2,-4.282123588235339,-133.0381221777872,-4.282123588235339,-133.0381221777872,0.0,False,False,nan,False
204,0.007547474,0.49940646,-0.7229786,0.93178886,0.28300694,0.079186186,False,False,2,1,False,35,33,2,-4.367298977538314,-137.4054211553255,-4.367298977538314,-137.4054211553255,0.0,False,False,nan,False
205,4.634857e-05,0.52060205,-0.75330085,0.94140434,0.2862906,0.065672174,False,False,2,1,False,35,33,2,-5.374248482529725,-142.77966963785525,-5.374248482529725,-142.77966963785525,0.0,False,False,nan,False
206,-0.007669258,0.5421076,-0.7746054,0.9552032,0.2894142,0.062472276,False,False,2,1,False,35,33,2,-5.179431291565339,-147.9591009294206,-5.179431291565339,-147.9591009294206,0.0,False,False,nan,False
207,-0.015720272,0.5643793,-0.80785835,0.98930234,0.29225355,0.056787264,False,False,2,1,True,36,33,3,-7.571294190489442,-155.53039511991005,-7.571294190489442,-155.53039511991005,0.0,False,False,nan,False
208,-0.023698425,0.5860787,-0.7986921,0.96424204,0.29316026,0.01813431,False,False,3,1,False,36,33,3,0.201160724962848,-155.3292343949472,0.201160724962848,-155.3292343949472,0.0,False,False,nan,False
209,-0.031605054,0.6072153,-0.7896394,0.9396116,0.29210895,-0.021026371,False,False,3,1,False,36,33,3,0.39836377982285964,-154.93087061512435,0.39836377982285964,-154.93087061512435,0.0,False,False,nan,False
210,-0.039428424,0.62779015,-0.77913624,0.91507524,0.28881148,-0.06594964,False,False,3,1,False,36,33,3,0.7524144957667727,-154.17845611935758,0.7524144957667727,-154.17845611935758,0.0,False,False,nan,False
211,-0.047187902,0.6477818,-0.77114373,0.8894599,0.28386676,-0.09889411,False,False,3,1,False,36,33,3,0.8811350192189604,-153.29732110013862,0.8811350192189604,-153.29732110013862,0.0,False,False,nan,False
212,-0.054857444,0.66721904,-0.759766,0.8652563,0.27647385,-0.14785834,False,False,3,1,False,36,33,3,1.2838675652497227,-152.0134535348889,1.2838675652497227,-152.0134535348889,0.0,False,False,nan,False
213,-0.062445354,0.6861014,-0.7493781,0.84096026,0.26683486,-0.19278069,False,False,3,1,False,36,33,3,1.4952945867013352,-150.51815894818756,1.4952945867013352,-150.51815894818756,0.0,False,False,nan,False
214,-0.06994619,0.7044329,-0.7383059,0.8168405,0.25480282,-0.24064079,False,False,3,1,False,36,33,3,1.8118343553314002,-148.70632459285616,1.8118343553314002,-148.70632459285616,0.0,False,False,nan,False
215,-0.077366546,0.7222033,-0.72809386,0.7921499,0.24060327,-0.28399122,False,False,3,1,False,36,33,3,2.0588543746166876,-146.64747021823948,2.0588543746166876,-146.64747021823948,0.0,False,False,nan,False
216,-0.08469772,0.7394187,-0.71674246,0.7677138,0.22399482,-0.33216926,False,False,3,1,False,36,33,3,2.403097315250109,-144.24437290298937,2.403097315250109,-144.24437290298937,0.0,False,False,nan,False
217,-0.09193792,0.75606364,-0.70525587,0.7425187,0.20502,-0.37949613,False,False,3,1,False,36,33,3,2.751298379435498,-141.49307452355387,2.751298379435498,-141.49307452355387,0.0,False,False,nan,False
218,-0.09912138,0.7721339,-0.6979815,0.7169267,0.18453626,-0.40967464,False,False,3,1,False,36,33,3,2.6836007260839394,-138.80947379746993,2.6836007260839394,-138.80947379746993,0.0,False,False,nan,False
219,-0.106215954,0.78762805,-0.68675494,0.69129,0.16177133,-0.45529884,False,False,3,1,False,36,33,3,3.232806537964963,-135.57666725950497,3.232806537964963,-135.57666725950497,0.0,False,False,nan,False
220,-0.11321974,0.8025483,-0.6752209,0.66566235,0.1366639,-0.5021485,False,False,3,1,False,36,33,3,3.532841634354527,-132.04382562515045,3.532841634354527,-132.04382562515045,0.0,False,False,nan,False
221,-0.120127104,0.8169002,-0.6630003,0.6401743,0.10907197,-0.5518392,False,False,3,1,False,36,33,3,3.8648439819685065,-128.17898164318194,3.8648439819685065,-128.17898164318194,0.0,False,False,nan,False
222,-0.12697306,0.8306794,-0.6551724,0.61430067,0.079890184,-0.5836362,False,False,3,1,False,36,33,3,3.7746456375803077,-124.40433600560164,3.7746456375803077,-124.40433600560164,0.0,False,False,nan,False
223,-0.1337347,0.84388936,-0.6444966,0.58849686,0.04855271,-0.6267497,False,False,3,1,False,36,33,3,4.230600760694899,-120.17373524490674,4.230600760694899,-120.17373524490674,0.0,False,False,nan,False
224,-0.14041701,0.8565122,-0.6344662,0.5617716,0.015212169,-0.6668114,False,False,3,1,False,36,33,3,4.484361007722414,-115.68937423718432,4.484361007722414,-115.68937423718432,0.0,False,False,nan,False
225,-0.14702511,0.8685442,-0.62515575,0.53474116,-0.019987695,-0.70399797,False,False,3,1,False,36,33,3,0.673927430959709,-115.01544680622462,0.673927430959709,-115.01544680622462,0.0,False,False,nan,False
226,-0.15355559,0.8799973,-0.61545265,0.5081049,-0.05712642,-0.74277514,False,False,3,1,False,36,33,3,-2.526670787575425,-117.54211759380004,-2.526670787575425,-117.54211759380004,0.0,False,False,nan,False
227,-0.1599904,0.89086574,-0.603552,0.481043,-0.09664836,-0.7904395,False,False,3,1,False,36,33,3,-2.5354085967837805,-120.07752619058382,-2.5354085967837805,-120.07752619058382,0.0,False,False,nan,False
228,-0.16636066,0.9011516,-0.59566826,0.45395342,-0.13775109,-0.8220558,False,False,3,1,False,36,33,3,-2.979086766690726,-123.05661295727455,-2.979086766690726,-123.05661295727455,0.0,False,False,nan,False
229,-0.17265777,0.91084373,-0.5867802,0.4262277,-0.18066478,-0.85827446,False,False,3,1,False,36,33,3,-3.021525796761806,-126.07813875403636,-3.021525796761806,-126.07813875403636,0.0,False,False,nan,False
230,-0.17885876,0.91993517,-0.57511467,0.3979604,-0.2259767,-0.90624017,False,False,3,1,False,36,33,3,-2.984187141578984,-129.06232589561534,-2.984187141578984,-129.06232589561534,0.0,False,False,nan,False
231,-0.18496971,0.92842144,-0.5643743,0.3692981,-0.27354336,-0.9513348,False,False,3,1,False,36,33,3,-3.245782977846686,-132.30810887346203,-3.245782977846686,-132.30810887346203,0.0,False,False,nan,False
232,-0.19098625,0.9363,-0.55327827,0.34032395,-0.3234725,-0.998584,False,False,3,1,False,36,33,3,-3.4245926333288126,-135.73270150679085,-3.4245926333288126,-135.73270150679085,0.0,False,False,nan,False
233,-0.19692135,0.9435674,-0.54397357,0.31105804,-0.37546566,-1.0398644,False,False,3,1,False,36,33,3,-3.7672427429960167,-139.49994424978686,-3.7672427429960167,-139.49994424978686,0.0,False,False,nan,False
234,-0.20277782,0.95023197,-0.53533596,0.282031,-0.42937747,-1.0782384,False,False,3,1,False,36,33,3,-4.0396345288908995,-143.53957877867776,-4.0396345288908995,-143.53957877867776,0.0,False,False,nan,False
235,-0.20855851,0.9562902,-0.5273161,0.25272408,-0.48514473,-1.1153476,False,False,3,1,False,36,33,3,-4.287410190567271,-147.82698896924504,-4.287410190567271,-147.82698896924504,0.0,False,False,nan,False
236,-0.21424632,0.96173686,-0.51750326,0.22290733,-0.5431823,-1.1607536,False,False,3,1,False,36,33,3,-4.360065275935795,-152.18705424518083,-4.360065275935795,-152.18705424518083,0.0,False,False,nan,False
237,-0.21983543,0.966553,-0.5072376,0.19194219,-0.6037931,-1.2122184,False,False,3,1,False,36,33,3,-4.570694844291409,-156.75774908947224,-4.570694844291409,-156.75774908947224,0.0,False,False,nan,False
238,-0.2253263,0.9707278,-0.49737874,0.16029143,-0.6670684,-1.2655108,False,False,3,1,False,36,33,3,-4.910413326047119,-161.66816241551936,-4.910413326047119,-161.66816241551936,0.0,False,False,nan,False
239,-0.23072262,0.974249,-0.4883538,0.12789908,-0.7330684,-1.320003,False,False,3,1,False,36,33,3,-5.321484113086114,-166.98964652860548,-5.321484113086114,-166.98964652860548,0.0,False,False,nan,False
240,-0.23602991,0.97713804,-0.48077244,0.096508674,-0.80135214,-1.365678,False,False,3,1,False,36,33,3,-5.816704666544267,-172.80635119514974,-5.816704666544267,-172.80635119514974,0.0,False,False,nan,False
241,-0.24126267,0.9793984,-0.4754409,0.06538955,-0.8715448,-1.4038574,False,False,3,1,False,36,33,3,-6.34820097535595,-179.1545521705057,-6.34820097535595,-179.1545521705057,0.0,False,False,nan,False
242,-0.24641204,0.9810329,-0.46973863,0.0343682,-0.94368553,-1.4428201,False,False,3,1,False,36,33,3,-6.634770948369094,-185.7893231188748,-6.634770948369094,-185.7893231188748,0.0,False,False,nan,False
243,-0.25148305,0.98204213,-0.4652017,0.0034817832,-1.0176015,-1.478323,False,False,3,1,False,36,33,3,-7.066142062454872,-192.85546518132966,-7.066142062454872,-192.85546518132966,0.0,False,False,nan,False
244,-0.25645962,0.98237944,-0.4591475,-0.029975414,-1.0942852,-1.5336809,False,False,3,1,False,36,33,3,-7.346634133306821,-200.20209931463648,-7.346634133306821,-200.20209931463648,0.0,False,False,nan,False
245,-0.26134858,0.9820263,-0.4544847,-0.064336486,-1.1739246,-1.5927931,False,False,3,1,False,36,33,3,-7.9734819939504,-208.17558130858689,-7.9734819939504,-208.17558130858689,0.0,False,False,nan,False
246,-0.26616207,0.9810185,-0.45219675,-0.09637454,-1.2555532,-1.6325811,False,False,3,1,False,36,33,3,-8.554137403197641,-216.72971871178453,-8.554137403197641,-216.72971871178453,0.0,False,False,nan,False
247,-0.27088952,0.97930586,-0.4492764,-0.1310922,-1.3401929,-1.6928015,False,False,3,1,False,36,33,3,-9.01955793347602,-225.74927664526055,-9.01955793347602,-225.74927664526055,0.0,False,False,nan,False
248,-0.2755403,0.976893,-0.44824672,-0.16513024,-1.4275259,-1.7466682,False,False,3,1,False,36,33,3,-9.624477081554998,-235.37375372681555,-9.624477081554998,-235.37375372681555,0.0,False,False,nan,False
249,-0.28011608,0.97377205,-0.44821185,-0.19918108,-1.5175539,-1.8005689,False,False,3,1,False,36,33,3,-10.136071220235378,-245.50982494705093,-10.136071220235378,-245.50982494705093,0.0,False,False,nan,False
250,-0.28461823,0.96991915,-0.44913507,-0.234069,-1.6106046,-1.861023,False,False,3,1,False,36,33,3,-10.689942049182859,-256.1997669962338,-10.689942049182859,-256.1997669962338,0.0,False,False,nan,False
251,-0.28903818,0.9653212,-0.45005417,-0.269034,-1.7067246,-1.9224087,False,False,3,1,False,36,33,3,-11.113488524131041,-267.3132555203648,-11.113488524131041,-267.3132555203648,0.0,False,False,nan,False
252,-0.29337853,0.9599991,-0.45188865,-0.30191746,-1.8051505,-1.9685297,False,False,3,1,False,36,33,3,-11.40207356479979,-278.71532908516457,-11.40207356479979,-278.71532908516457,0.0,False,False,nan,False
253,-0.29764995,0.9539463,-0.45525065,-0.33430666,-1.9057655,-2.0123153,False,False,3,1,False,36,33,3,-11.773730688972789,-290.48905977413733,-11.773730688972789,-290.48905977413733,0.0,False,False,nan,False
254,-0.3018567,0.9471551,-0.45934606,-0.36620095,-2.0084472,-2.053637,False,False,3,1,False,36,33,3,-12.041048395499812,-302.5301081696371,-12.041048395499812,-302.5301081696371,0.0,False,False,nan,False
255,-0.30600128,0.93959886,-0.4639706,-0.39852974,-2.1133907,-2.0988882,False,False,3,1,False,36,33,3,-12.350130368097238,-314.88023853773433,-12.350130368097238,-314.88023853773433,0.0,False,False,nan,False
256,-0.3101104,0.93124694,-0.47170502,-0.43161044,-2.2211404,-2.1550133,False,False,3,1,False,36,33,3,-12.91387973920635,-327.79411827694065,-12.91387973920635,-327.79411827694065,0.0,False,False,nan,False
257,-0.314183,0.9221131,-0.47892338,-0.46271592,-2.3310292,-2.1977954,False,False,3,1,True,37,33,4,-12.9401746257802,-340.7342929027208,-12.9401746257802,-340.7342929027208,0.0,False,False,nan,False
258,-0.31813207,0.9123413,-0.4738694,-0.48455906,-2.4388287,-2.156008,False,False,1,1,False,37,33,4,-11.196334731317362,-351.93062763403816,-11.196334731317362,-351.93062763403816,0.0,False,False,nan,False
259,-0.32195067,0.90194064,-0.46630996,-0.5055643,-2.5440235,-2.103916,False,False,1,1,False,37,33,4,-10.698293932288804,-362.62892156632694,-10.698293932288804,-362.62892156632694,0.0,False,False,nan,False
260,-0.32564038,0.89089435,-0.4574719,-0.527246,-2.646632,-2.0521967,False,False,1,1,False,37,33,4,-10.403999669736576,-373.0329212360635,-10.403999669736576,-373.0329212360635,0.0,False,False,nan,False
261,-0.3292226,0.8791763,-0.44995475,-0.5503388,-2.7472138,-2.0116515,False,False,1,1,False,37,33,4,-10.395554105940247,-383.4284753420037,-10.395554105940247,-383.4284753420037,0.0,False,False,nan,False
262,-0.33269325,0.8667821,-0.4405717,-0.57363373,-2.8455105,-1.9659458,False,False,1,1,False,37,33,4,-10.066791975801918,-393.4952673178056,-10.066791975801918,-393.4952673178056,0.0,False,False,nan,False
263,-0.33605656,0.8537088,-0.43042096,-0.597261,-2.9414663,-1.9191315,False,False,1,1,False,37,33,4,-9.818682099876439,-403.313949417682,-9.818682099876439,-403.313949417682,0.0,False,False,nan,False
264,-0.33933464,0.83993214,-0.4219398,-0.62229913,-3.0355737,-1.8821634,False,False,1,1,False,37,33,4,-9.84874708303701,-413.162696500719,-9.84874708303701,-413.162696500719,0.0,False,False,nan,False
265,-0.3425448,0.8254455,-0.41453663,-0.6478895,-3.1281006,-1.8505547,False,False,1,1,False,37,33,4,-9.793602101864705,-422.9562986025837,-9.793602101864705,-422.9562986025837,0.0,False,False,nan,False
266,-0.34567255,0.81024,-0.40431595,-0.67415047,-3.218514,-1.8082783,False,False,1,1,False,37,33,4,-9.485288232553243,-432.4415868351369,-9.485288232553243,-432.4415868351369,0.0,False,False,nan,False
267,-0.34873343,0.79431427,-0.39512974,-0.70086783,-3.3070257,-1.770249,False,False,1,1,False,37,33,4,-9.38901725540242,-441.8306040905393,-9.38901725540242,-441.8306040905393,0.0,False,False,nan,False
268,-0.351714,0.77766496,-0.38346022,-0.72819525,-3.393125,-1.7219995,False,False,1,1,False,37,33,4,-9.081687665111955,-450.9122917556512,-9.081687665111955,-450.9122917556512,0.0,False,False,nan,False
269,-0.3546237,0.76028967,-0.37227866,-0.756116,-3.4768727,-1.6749613,False,False,1,1,False,37,33,4,-8.927875162258742,-459.8401669179099,-8.927875162258742,-459.8401669179099,0.0,False,False,nan,False
270,-0.35749012,0.7421877,-0.3639218,-0.7844398,-3.55877,-1.6379545,False,False,1,1,False,37,33,4,-8.901842179197642,-468.74200909710754,-8.901842179197642,-468.74200909710754,0.0,False,False,nan,False
271,-0.36029157,0.7233566,-0.35244614,-0.813491,-3.6381388,-1.5873855,False,False,1,1,False,37,33,4,-8.580262979547483,-477.322272076655,-8.580262979547483,-477.322272076655,0.0,False,False,nan,False
272,-0.36305732,0.7038147,-0.3442864,-0.8420123,-3.715678,-1.5507872,False,False,1,1,False,37,33,4,-8.478070714106279,-485.80034279076125,-8.478070714106279,-485.80034279076125,0.0,False,False,nan,False
273,-0.36578307,0.683529,-0.33504274,-0.8726156,-3.7907972,-1.5023901,False,False,1,1,False,37,33,4,-8.377444946088898,-494.1777877368501,-8.377444946088898,-494.1777877368501,0.0,False,False,nan,False
274,-0.36847916,0.66253024,-0.32714027,-0.90214497,-3.8639486,-1.4630316,False,False,1,1,False,37,33,4,-8.121134998677716,-502.2989227355278,-8.121134998677716,-502.2989227355278,0.0,False,False,nan,False
275,-0.37115136,0.64080733,-0.31964967,-0.9326318,-3.9349697,-1.4204282,False,False,1,1,False,37,33,4,-8.000916617802345,-510.2998393533301,-8.000916617802345,-510.2998393533301,0.0,False,False,nan,False
276,-0.37380904,0.61836964,-0.31329742,-0.96298593,-4.0040584,-1.3817874,False,False,1,1,False,37,33,4,-7.821047272547189,-518.1208866258773,-7.821047272547189,-518.1208866258773,0.0,False,False,nan,False
277,-0.3764569,0.59521693,-0.3074414,-0.9937191,-4.0711746,-1.3423295,False,False,1,1,False,37,33,4,-7.663927777739473,-525.7848144036168,-7.663927777739473,-525.7848144036168,0.0,False,False,nan,False
278,-0.37909636,0.5713447,-0.3017754,-1.0250814,-4.1361513,-1.2995367,False,False,1,1,False,37,33,4,-7.506317159317432,-533.2911315629342,-7.506317159317432,-533.2911315629342,0.0,False,False,nan,False
279,-0.3817297,0.54674834,-0.29642162,-1.0570396,-4.198832,-1.2536246,False,False,1,1,False,37,33,4,-7.3365355668477426,-540.6276671297819,-7.3365355668477426,-540.6276671297819,0.0,False,False,nan,False
280,-0.38435096,0.5214254,-0.29063025,-1.0895541,-4.258989,-1.2031376,False,False,1,1,False,37,33,4,-7.124266244290225,-547.7519333740721,-7.124266244290225,-547.7519333740721,0.0,False,False,nan,False
281,-0.38695198,0.4953624,-0.28413492,-1.1232202,-4.3161736,-1.1436951,False,False,1,1,False,37,33,4,-6.924497386990793,-554.6764307610629,-6.924497386990793,-554.6764307610629,0.0,False,False,nan,False
282,-0.3895535,0.4685954,-0.28042287,-1.1549722,-4.3712773,-1.1020722,False,False,1,1,False,37,33,4,-6.611947888194805,-561.2883786492577,-6.611947888194805,-561.2883786492577,0.0,False,False,nan,False
283,-0.39215574,0.44110194,-0.27683383,-1.1882594,-4.4237657,-1.0497625,False,False,1,1,False,37,33,4,-6.518798801099961,-567.8071774503576,-6.518798801099961,-567.8071774503576,0.0,False,False,nan,False
284,-0.39476237,0.41290927,-0.2740978,-1.220154,-4.4741893,-1.0084727,False,False,1,1,False,37,33,4,-6.224128649293362,-574.0313060996509,-6.224128649293362,-574.0313060996509,0.0,False,False,nan,False
285,-0.39737767,0.38400465,-0.27200016,-1.2529569,-4.5222487,-0.9611925,False,False,1,1,False,37,33,4,-6.128561505708858,-580.1598676053598,-6.128561505708858,-580.1598676053598,0.0,False,False,nan,False
286,-0.40000707,0.3544093,-0.27082247,-1.28463,-4.568396,-0.92295325,False,False,1,1,False,37,33,4,-5.89979662628562,-586.0596642316453,-5.89979662628562,-586.0596642316453,0.0,False,False,nan,False
287,-0.40264803,0.32412502,-0.26964757,-1.3163329,-4.612619,-0.88445914,False,False,1,1,False,37,33,4,-5.779407277531305,-591.8390715091766,-5.779407277531305,-591.8390715091766,0.0,False,False,nan,False
288,-0.40529212,0.29314327,-0.26785824,-1.3486531,-4.6546755,-0.8411271,False,False,1,1,False,37,33,4,-5.6982525728289195,-597.5373240820055,-5.6982525728289195,-597.5373240820055,0.0,False,False,nan,False
289,-0.40793937,0.26143378,-0.26631954,-1.3828665,-4.693865,-0.7837878,False,False,1,1,False,37,33,4,-5.7099307216821265,-603.2472548036876,-5.7099307216821265,-603.2472548036876,0.0,False,False,nan,False
290,-0.41059488,0.22899078,-0.2656378,-1.4174708,-4.7300525,-0.72375596,False,False,1,1,False,37,33,4,-5.5966907447634915,-608.8439455484511,-5.5966907447634915,-608.8439455484511,0.0,False,False,nan,False
291,-0.41326594,0.19582802,-0.2660039,-1.4513034,-4.763532,-0.6695981,False,False,1,1,False,37,33,4,-5.4294951796194075,-614.2734407280705,-5.4294951796194075,-614.2734407280705,0.0,False,False,nan,False
292,-0.41594514,0.1619379,-0.26590648,-1.4856023,-4.794135,-0.6120557,False,False,1,1,False,37,33,4,-5.36766616931996,-619.6411068973904,-5.36766616931996,-619.6411068973904,0.0,False,False,nan,False
293,-0.418629,0.12736203,-0.2656482,-1.5174326,-4.8227987,-0.57327217,False,False,1,1,False,37,33,4,-5.147925818973731,-624.7890327163641,-5.147925818973731,-624.7890327163641,0.0,False,False,nan,False
294,-0.42133585,0.09206351,-0.26750046,-1.5514947,-4.8486476,-0.5169774,False,False,1,1,False,37,33,4,-5.372775331618327,-630.1618080479824,-5.372775331618327,-630.1618080479824,0.0,False,False,nan,False
295,-0.42406344,0.056030642,-0.26939693,-1.586245,-4.8714232,-0.45551282,False,False,1,1,False,37,33,4,-5.412025595968912,-635.5738336439513,-5.412025595968912,-635.5738336439513,0.0,False,False,nan,False
296,-0.4268036,0.019297324,-0.27053308,-1.6189483,-4.891914,-0.4098145,False,False,1,1,False,37,33,4,-5.271896662047793,-640.845730305999,-5.271896662047793,-640.845730305999,0.0,False,False,nan,False
297,-0.4295569,-0.018155362,-0.27197433,-1.6527631,-4.9097,-0.35571843,False,False,1,1,False,37,33,4,-5.438178520649585,-646.2839088266486,-5.438178520649585,-646.2839088266486,0.0,False,False,nan,False
298,-0.43232384,-0.05633818,-0.27365038,-1.6871924,-4.9245486,-0.29697275,False,True,1,1,False,37,33,4,4.456337506898735,-641.8275713197498,4.456337506898735,-641.8275713197498,0.0,False,False,nan,False
299,-0.43528318,-0.09453123,-0.28462833,-1.7082458,-4.9254975,-0.1292341,False,True,1,1,False,37,33,4,-3.3254769081657103,-645.1530482279155,-3.3254769081657103,-645.1530482279155,0.0,False,False,nan,False
300,-0.44673204,-0.10964798,-1.3538857,-0.63069874,-4.684496,4.578533,False,True,1,1,False,37,33,4,-100,-745.1530482279155,-100,-745.1530482279155,0.0,True,False,nan,False
