step,x,y,vx,vy,angle,angular_velocity,left_leg_contact,right_leg_contact,navigation_action,current_fps,fresh_observation,n_fresh_observations,n_fresh_observations_before_touchdown,n_fresh_observations_after_touchdown,instant_nav_reward,cumulative_nav_reward,instant_adaptive_reward,cumulative_adaptive_reward,instant_frame_penalty,terminated,truncated,vy_at_touchdown,success
1,0.014168644,1.4112816,0.7108881,-0.0048611527,-0.0144141335,-0.12337615,False,False,1,25,True,2,2,0,0.43510392851661206,0.43510392851661206,0.43510392851661206,0.43510392851661206,0.0,False,False,nan,False
2,0.02115326,1.4105787,0.7031201,-0.031289157,-0.019015934,-0.092044845,False,False,1,25,False,2,2,0,0.2802268715522882,0.7153308000689003,0.2802268715522882,0.7153308000689003,0.0,False,False,nan,False
3,0.028043652,1.4092728,0.69128954,-0.058074288,-0.021243514,-0.044555657,False,False,1,25,True,3,3,0,0.8749316092174706,1.5902624092863709,0.8749316092174706,1.5902624092863709,0.0,False,False,nan,False
4,0.03484411,1.4073672,0.6800163,-0.08469563,-0.021209985,0.000670618,False,False,1,25,False,3,3,0,0.9941060932581547,2.5843685025445255,0.9941060932581547,2.5843685025445255,0.0,False,False,nan,False
5,0.041549586,1.4048654,0.6680847,-0.11115189,-0.018783279,0.048538774,False,False,1,25,True,4,4,0,1.2447947196583595,3.829163222202885,1.2447947196583595,3.829163222202885,0.0,False,False,nan,False
6,0.048159886,1.4017596,0.656165,-0.13798507,-0.013970746,0.09625964,False,False,1,25,False,4,4,0,1.4156951309533679,5.2448583531562525,1.4156951309533679,5.2448583531562525,0.0,False,False,nan,False
7,0.054677296,1.3980474,0.64452213,-0.16493472,-0.006830077,0.14282645,False,False,1,25,True,5,5,0,1.5536538111987863,6.798512164355039,1.5536538111987863,6.798512164355039,0.0,False,False,nan,False
8,0.061118223,1.3937404,0.63492817,-0.19141121,0.0022283006,0.18118428,False,False,1,25,False,5,5,0,1.0476127604198393,7.846124924774878,1.0476127604198393,7.846124924774878,0.0,False,False,nan,False
9,0.06749163,1.3888429,0.6264812,-0.21771458,0.012972334,0.2149003,False,False,1,25,True,6,6,0,-0.652616604287316,7.193508320487561,-0.652616604287316,7.193508320487561,0.0,False,False,nan,False
10,0.07377424,1.3833518,0.61510146,-0.24421416,0.025988227,0.26034176,False,False,1,25,False,6,6,0,-0.6726736985807793,6.520834621906782,-0.6726736985807793,6.520834621906782,0.0,False,False,nan,False
11,0.079978466,1.3772606,0.605274,-0.27105436,0.04096427,0.2995484,False,False,1,25,True,7,7,0,-1.0925464454744247,5.428288176432357,-1.0925464454744247,5.428288176432357,0.0,False,False,nan,False
12,0.08612223,1.3705683,0.59771407,-0.29797,0.057446167,0.3296684,False,False,1,25,False,7,7,0,-1.5146424264626706,3.913645749969686,-1.5146424264626706,3.913645749969686,0.0,False,False,nan,False
13,0.092185594,1.3632675,0.5876749,-0.32530084,0.07593862,0.369883,False,False,1,25,True,8,8,0,-1.573452976207476,2.34019277376221,-1.573452976207476,2.34019277376221,0.0,False,False,nan,False
14,0.0982482,1.3553712,0.58762234,-0.35199645,0.09442732,0.36980784,False,False,0,25,False,8,8,0,-2.431709425553663,-0.09151665179145319,-2.431709425553663,-0.09151665179145319,0.0,False,False,nan,False
15,0.10430984,1.3468795,0.5875716,-0.37869304,0.112913206,0.36975133,False,False,0,25,True,9,9,0,-2.4522309664758097,-2.543747618267263,-2.4522309664758097,-2.543747618267263,0.0,False,False,nan,False
16,0.110370636,1.3377922,0.5875217,-0.4053903,0.1313959,0.36968765,False,False,0,25,False,9,9,0,-2.4682039758509404,-5.011951594118203,-2.4682039758509404,-5.011951594118203,0.0,False,False,nan,False
17,0.11643038,1.3281093,0.58747286,-0.4320888,0.1498754,0.36962336,False,False,0,25,True,10,10,0,-2.479977557445892,-7.491929151564095,-2.479977557445892,-7.491929151564095,0.0,False,False,nan,False
18,0.12258653,1.3178536,0.5996444,-0.45748997,0.16585739,0.31966865,False,False,3,25,False,10,10,0,-3.159334722015926,-10.651263873580021,-3.159334722015926,-10.651263873580021,0.0,False,False,nan,False
19,0.12883434,1.3070192,0.6111989,-0.48310134,0.17947932,0.27246326,False,False,3,25,True,11,11,0,-2.8568328266110243,-13.508096700191045,-2.8568328266110243,-13.508096700191045,0.0,False,False,nan,False
20,0.13499823,1.2955571,0.60069495,-0.5114018,0.1952726,0.3158935,False,False,1,25,False,11,11,0,-1.5142590870686081,-15.022355787259652,-1.5142590870686081,-15.022355787259652,0.0,False,False,nan,False
21,0.14108725,1.2834818,0.59137505,-0.5390877,0.21295829,0.35374618,False,False,1,25,True,12,12,0,-1.7937728801564379,-16.81612866741609,-1.7937728801564379,-16.81612866741609,0.0,False,False,nan,False
22,0.14707366,1.272136,0.58078605,-0.5069443,0.2310491,0.3618492,False,False,2,25,False,12,12,0,1.8813506210716582,-14.934778046344434,1.8813506210716582,-14.934778046344434,0.0,False,False,nan,False
23,0.15279226,1.2608702,0.5547922,-0.50346124,0.24841203,0.3472896,False,False,2,25,True,13,13,0,1.1886135937785525,-13.746164452565882,1.1886135937785525,-13.746164452565882,0.0,False,False,nan,False
24,0.15858507,1.2490356,0.5642348,-0.52860314,0.26378733,0.30753356,False,False,3,25,False,13,13,0,-2.8629724204762668,-16.60913687304215,-2.8629724204762668,-16.60913687304215,0.0,False,False,nan,False
25,0.1644493,1.2366254,0.57383764,-0.55387944,0.2766974,0.25821593,False,False,3,25,True,14,14,0,-2.6036600770428024,-19.212796950084954,-2.6036600770428024,-19.212796950084954,0.0,False,False,nan,False
26,0.17014332,1.22458,0.5564227,-0.53786033,0.29003403,0.26673234,False,False,2,25,False,14,14,0,1.8486781136908916,-17.364118836394063,1.8486781136908916,-17.364118836394063,0.0,False,False,nan,False
27,0.17566471,1.21311,0.53895736,-0.51246727,0.3036417,0.27215347,False,False,2,25,True,15,15,0,2.4154084096641784,-14.948710426729885,2.4154084096641784,-14.948710426729885,0.0,False,False,nan,False
28,0.1812766,1.2010765,0.5503887,-0.53711545,0.31483653,0.2238959,False,False,3,25,False,15,15,0,-2.57450354719242,-17.523213973922307,-2.57450354719242,-17.523213973922307,0.0,False,False,nan,False
29,0.18696384,1.1884917,0.5599865,-0.5612513,0.32390708,0.18141064,False,False,3,25,True,16,16,0,-2.159533029553414,-19.682747003475722,-2.159533029553414,-19.682747003475722,0.0,False,False,nan,False
30,0.19257316,1.1761627,0.551749,-0.5500393,0.33347565,0.19137153,False,False,2,25,False,16,16,0,1.2468053306931324,-18.43594167278259,1.2468053306931324,-18.43594167278259,0.0,False,False,nan,False
31,0.19775763,1.1644254,0.5099197,-0.52365744,0.34239036,0.1782946,False,False,2,25,True,17,17,0,4.697885726153413,-13.738055946629178,4.697885726153413,-13.738055946629178,0.0,False,False,nan,False
32,0.2025917,1.1527538,0.47570896,-0.5205857,0.3504685,0.16156292,False,False,2,25,False,17,17,0,2.5312874190860386,-11.20676852754314,2.5312874190860386,-11.20676852754314,0.0,False,False,nan,False
33,0.20722952,1.141567,0.45581752,-0.49915484,0.35884163,0.16746362,False,False,2,25,True,18,18,0,2.8062382610365377,-8.400530266506603,2.8062382610365377,-8.400530266506603,0.0,False,False,nan,False
34,0.2119565,1.1298263,0.46708998,-0.5232249,0.36475658,0.11829946,False,False,3,25,False,18,18,0,-2.0947123448813145,-10.495242611387917,-2.0947123448813145,-10.495242611387917,0.0,False,False,nan,False
35,0.21673918,1.1175197,0.4741686,-0.5480162,0.36909434,0.08675535,False,False,3,25,True,19,19,0,-1.6740536202307215,-12.169296231618638,-1.6740536202307215,-12.169296231618638,0.0,False,False,nan,False
36,0.22126141,1.1060623,0.44766602,-0.510401,0.3739201,0.09651529,False,False,2,25,False,19,19,0,4.831260435217712,-7.338035796400926,4.831260435217712,-7.338035796400926,0.0,False,False,nan,False
37,0.22533312,1.0952216,0.4031672,-0.48286703,0.37817702,0.08513786,False,False,2,10,True,20,20,0,5.241392295278968,-2.0966435011219584,5.241392295278968,-2.0966435011219584,0.0,False,False,nan,False
38,0.22932234,1.0845536,0.3944252,-0.47533518,0.38295826,0.0956252,False,False,2,10,False,20,20,0,1.322898327798282,-0.7737451733236764,1.322898327798282,-0.7737451733236764,0.0,False,False,nan,False
39,0.2329958,1.0742633,0.3630712,-0.45849553,0.3875116,0.09106611,False,False,2,10,False,20,20,0,3.456744515675422,2.6829993423517458,3.456744515675422,2.6829993423517458,0.0,False,False,nan,False
40,0.23659162,1.0642812,0.35463175,-0.44501147,0.39278945,0.10555731,False,False,2,10,False,20,20,0,1.6508327213769973,4.333832063728743,1.6508327213769973,4.333832063728743,0.0,False,False,nan,False
41,0.23969726,1.0549209,0.30624667,-0.41721198,0.39741597,0.092530146,False,False,2,10,False,20,20,0,5.231318006804668,9.565150070533411,5.231318006804668,9.565150070533411,0.0,False,False,nan,False
42,0.24276046,1.0455188,0.3015548,-0.41921762,0.40252683,0.10221745,False,False,2,10,True,21,21,0,0.15025170364388601,9.715401774177296,0.15025170364388601,9.715401774177296,0.0,False,False,nan,False
43,0.2458764,1.035563,0.30834442,-0.44340608,0.4060195,0.06985339,False,False,3,10,False,21,21,0,-1.8482224287344298,7.8671793454428665,-1.8482224287344298,7.8671793454428665,0.0,False,False,nan,False
44,0.24907827,1.0250604,0.3192121,-0.46705702,0.40706283,0.02086655,False,False,3,10,False,21,21,0,-1.7519739433472796,6.115205402095587,-1.7519739433472796,6.115205402095587,0.0,False,False,nan,False
45,0.25235206,1.0140038,0.32832512,-0.49113694,0.40604344,-0.020387735,False,False,3,10,False,21,21,0,-1.43791514067692,4.677290261418666,-1.43791514067692,4.677290261418666,0.0,False,False,nan,False
46,0.25568599,1.0023885,0.33597657,-0.5155022,0.4032729,-0.055410616,False,False,3,10,False,21,21,0,-1.163094511984325,3.514195749434341,-1.163094511984325,3.514195749434341,0.0,False,False,nan,False
47,0.25910407,0.9902307,0.34667346,-0.53897053,0.39805782,-0.10430237,False,False,3,10,True,22,22,0,-0.9682041749834684,2.5459915744508725,-0.9682041749834684,2.5459915744508725,0.0,False,False,nan,False
48,0.2623083,0.9783596,0.3251674,-0.52628654,0.3929907,-0.10134214,False,False,2,10,False,22,22,0,3.492205068696376,6.0381966431472485,3.492205068696376,6.0381966431472485,0.0,False,False,nan,False
49,0.2650836,0.96713006,0.28261423,-0.49768868,0.3875566,-0.108681776,False,False,2,10,False,22,22,0,5.885019280775578,11.923215923922825,5.885019280775578,11.923215923922825,0.0,False,False,nan,False
50,0.26768398,0.95653284,0.26450285,-0.46978536,0.3828093,-0.09494576,False,False,2,10,False,22,22,0,4.446979715829525,16.37019563975235,4.446979715829525,16.37019563975235,0.0,False,False,nan,False
51,0.27010137,0.94586194,0.24637142,-0.47302282,0.3778829,-0.09852805,False,False,2,10,False,22,22,0,1.7328232142697686,18.103018854022118,1.7328232142697686,18.103018854022118,0.0,False,False,nan,False
52,0.27206868,0.93565696,0.20205167,-0.45216316,0.37223426,-0.112972856,False,False,2,10,True,23,23,0,4.999402872062757,23.102421726084874,4.999402872062757,23.102421726084874,0.0,False,False,nan,False
53,0.27371892,0.92601126,0.17042272,-0.42729795,0.36652002,-0.11428499,False,False,2,10,False,23,23,0,4.673007720975545,27.775429447060418,4.673007720975545,27.775429447060418,0.0,False,False,nan,False
54,0.27497512,0.9166421,0.13172573,-0.41486222,0.3600731,-0.12893936,False,False,2,10,False,23,23,0,3.682500930948163,31.45793037800858,3.682500930948163,31.45793037800858,0.0,False,False,nan,False
55,0.2758728,0.908117,0.09587638,-0.3773777,0.35364312,-0.12859999,False,False,2,10,False,23,23,0,5.72381911976525,37.18174949777383,5.72381911976525,37.18174949777383,0.0,False,False,nan,False
56,0.27656126,0.9003954,0.07440927,-0.3418318,0.34780353,-0.11679226,False,False,2,10,False,23,23,0,4.955292774335516,42.13704227210935,4.955292774335516,42.13704227210935,0.0,False,False,nan,False
57,0.27699262,0.8925113,0.049330253,-0.34892648,0.34130576,-0.12995546,False,False,2,10,True,24,24,0,0.8344153671558103,42.97145763926516,0.8344153671558103,42.97145763926516,0.0,False,False,nan,False
58,0.2775155,0.8840708,0.060875278,-0.3731267,0.33231756,-0.17976409,False,False,3,10,False,24,24,0,-0.9074140515542115,42.06404358771095,-0.9074140515542115,42.06404358771095,0.0,False,False,nan,False
59,0.27812767,0.87506574,0.072130084,-0.39775383,0.32094765,-0.22739851,False,False,3,10,False,24,24,0,-0.6708721723953761,41.39317141531557,-0.6708721723953761,41.39317141531557,0.0,False,False,nan,False
60,0.27880993,0.8654916,0.08099645,-0.42274258,0.30769286,-0.26509577,False,False,3,10,False,24,24,0,-0.43253709466153967,40.96063432065403,-0.43253709466153967,40.96063432065403,0.0,False,False,nan,False
61,0.2795662,0.85535187,0.090383835,-0.44760388,0.29243982,-0.30506057,False,False,3,10,False,24,24,0,-0.18418909764301247,40.77644522301102,-0.18418909764301247,40.77644522301102,0.0,False,False,nan,False
62,0.28038567,0.8446425,0.098450944,-0.47275382,0.27547458,-0.33930466,False,False,3,10,True,25,25,0,0.03226573302430438,40.80871095603532,0.03226573302430438,40.80871095603532,0.0,False,False,nan,False
63,0.281145,0.83331144,0.09093534,-0.50085366,0.26010486,-0.3073942,False,False,1,10,False,25,25,0,-0.057160028085177145,40.75155092795014,-0.057160028085177145,40.75155092795014,0.0,False,False,nan,False
64,0.28180712,0.8213529,0.07881743,-0.52930295,0.2472532,-0.25703335,False,False,1,10,False,25,25,0,-0.24376121117907587,40.507789716771065,-0.24376121117907587,40.507789716771065,0.0,False,False,nan,False
65,0.28238449,0.8087594,0.06815098,-0.5580021,0.23666058,-0.2118522,False,False,1,10,False,25,25,0,-0.5004785868892998,40.007311129881764,-0.5004785868892998,40.007311129881764,0.0,False,False,nan,False
66,0.28288525,0.7955452,0.05855298,-0.5859566,0.22805037,-0.172204,False,False,1,10,False,25,25,0,-0.6119417536084188,39.395369376273344,-0.6119417536084188,39.395369376273344,0.0,False,False,nan,False
67,0.28330192,0.7816948,0.04796051,-0.61461145,0.22167641,-0.12747927,False,False,1,10,True,26,26,0,-0.863603580207182,38.53176579606616,-0.863603580207182,38.53176579606616,0.0,False,False,nan,False
68,0.28362864,0.7672258,0.03670435,-0.6424703,0.21760021,-0.08152367,False,False,1,10,False,26,26,0,-0.9786706434929886,37.55309515257317,-0.9786706434929886,37.55309515257317,0.0,False,False,nan,False
69,0.28389558,0.75214535,0.02921912,-0.6698716,0.21504742,-0.051055778,False,False,1,10,False,26,26,0,-1.0704286813384545,36.482666471234715,-1.0704286813384545,36.482666471234715,0.0,False,False,nan,False
70,0.2840847,0.7364456,0.019459661,-0.69767976,0.21449596,-0.011029298,False,False,1,10,False,26,26,0,-1.2590305780421989,35.223635893192515,-1.2590305780421989,35.223635893192515,0.0,False,False,nan,False
71,0.28419095,0.72011477,0.009001486,-0.72605306,0.21612816,0.032644317,False,False,1,10,False,26,26,0,-1.4914711007337178,33.732164792458796,-1.4914711007337178,33.732164792458796,0.0,False,False,nan,False
72,0.28423595,0.7031575,0.0012906733,-0.75413674,0.21938355,0.06510768,False,False,1,10,True,27,27,0,-1.585340288138524,32.14682450432027,-1.585340288138524,32.14682450432027,0.0,False,False,nan,False
73,0.28409767,0.68629,-0.016684622,-0.7500875,0.22227432,0.057815097,False,False,2,10,False,27,27,0,1.3638169015954815,33.510641405915756,1.3638169015954815,33.510641405915756,0.0,False,False,nan,False
74,0.2836566,0.67020565,-0.0465421,-0.71522826,0.22473921,0.04929771,False,False,2,10,False,27,27,0,4.307453248958621,37.81809465487438,4.307453248958621,37.81809465487438,0.0,False,False,nan,False
75,0.2831152,0.6541826,-0.0565782,-0.71250767,0.2272059,0.04933399,False,False,2,10,False,27,27,0,1.1467451462713825,38.964839801145764,1.1467451462713825,38.964839801145764,0.0,False,False,nan,False
76,0.2825362,0.6382174,-0.06061762,-0.70998746,0.22995986,0.055079214,False,False,2,10,False,27,27,0,1.1283820867450458,40.09322188789081,1.1283820867450458,40.09322188789081,0.0,False,False,nan,False
77,0.28187817,0.6225929,-0.068814784,-0.6948953,0.233019,0.061182506,False,False,2,25,True,28,28,0,2.2746513763814393,42.367873264272255,2.2746513763814393,42.367873264272255,0.0,False,False,nan,False
78,0.28110772,0.6078655,-0.080612026,-0.6551149,0.2366373,0.07236615,False,False,2,25,False,28,28,0,4.53327408702894,46.9011473513012,4.53327408702894,46.9011473513012,0.0,False,False,nan,False
79,0.28009978,0.59352547,-0.10401209,-0.6378577,0.23990138,0.06528161,False,False,2,25,True,29,29,0,2.092833653419757,48.99398100472096,2.092833653419757,48.99398100472096,0.0,False,False,nan,False
80,0.27903232,0.57961816,-0.11043229,-0.618709,0.2436547,0.075066164,False,False,2,25,False,29,29,0,2.405532699058523,51.39951370377948,2.405532699058523,51.39951370377948,0.0,False,False,nan,False
81,0.2778384,0.5659569,-0.123139955,-0.60779196,0.24746938,0.076293595,False,False,2,25,True,30,30,0,1.4340186323316118,52.8335323361111,1.4340186323316118,52.8335323361111,0.0,False,False,nan,False
82,0.2763713,0.5531713,-0.15034516,-0.5688655,0.25117347,0.0740819,False,False,2,25,False,30,30,0,3.7147840566940546,56.548316392805155,3.7147840566940546,56.548316392805155,0.0,False,False,nan,False
83,0.27474147,0.5406466,-0.16655208,-0.5572664,0.25480795,0.07268958,False,False,2,25,True,31,31,0,1.2058321318575735,57.75414852466273,1.2058321318575735,57.75414852466273,0.0,False,False,nan,False
84,0.27285463,0.528827,-0.19210485,-0.5259167,0.25830683,0.06997703,False,False,2,25,False,31,31,0,2.6600677966109005,60.414216321273635,2.6600677966109005,60.414216321273635,0.0,False,False,nan,False
85,0.2705598,0.5178682,-0.23224851,-0.4875477,0.26113176,0.05649849,False,False,2,25,True,32,32,0,2.482369230752579,62.89658555202622,2.482369230752579,62.89658555202622,0.0,False,False,nan,False
86,0.2683467,0.5063502,-0.22190706,-0.51201975,0.26174167,0.012198271,False,False,3,25,False,32,32,0,-0.7685823484570153,62.1280032035692,-0.7685823484570153,62.1280032035692,0.0,False,False,nan,False
87,0.26621455,0.49426812,-0.21168828,-0.5367088,0.26018143,-0.031204525,False,False,3,25,True,33,33,0,-0.598730651480962,61.52927255208824,-0.598730651480962,61.52927255208824,0.0,False,False,nan,False
88,0.26382437,0.48292267,-0.23739883,-0.5039554,0.25852808,-0.033066668,False,False,2,25,False,33,33,0,2.964104757281473,64.4933773093697,2.964104757281473,64.4933773093697,0.0,False,False,nan,False
89,0.26116735,0.47248685,-0.26408485,-0.4635271,0.25687116,-0.03313841,False,False,2,25,True,34,34,0,3.2677039746077527,67.76108128397746,3.2677039746077527,67.76108128397746,0.0,False,False,nan,False
90,0.2585842,0.4614838,-0.25474164,-0.48840463,0.25323275,-0.07276809,False,False,3,25,False,34,34,0,-0.31604906471346683,67.445032219264,-0.31604906471346683,67.445032219264,0.0,False,False,nan,False
91,0.2560772,0.44992048,-0.24510285,-0.5129712,0.24752665,-0.11412231,False,False,3,25,True,35,35,0,-0.09653224678197489,67.34849997248202,-0.09653224678197489,67.34849997248202,0.0,False,False,nan,False
92,0.25329733,0.43889496,-0.27201805,-0.4890329,0.24145684,-0.1213963,False,False,2,25,False,35,35,0,2.294248781880282,69.6427487543623,2.294248781880282,69.6427487543623,0.0,False,False,nan,False
93,0.25032768,0.42807278,-0.29073578,-0.47997472,0.23512696,-0.12659779,False,False,2,25,True,36,36,0,1.2612534994910731,70.90400225385338,1.2612534994910731,70.90400225385338,0.0,False,False,nan,False
94,0.24745455,0.4166776,-0.27861935,-0.505084,0.22630045,-0.17653029,False,False,3,25,False,36,36,0,0.41297637539438026,71.31697862924776,0.41297637539438026,71.31697862924776,0.0,False,False,nan,False
95,0.24464884,0.40471488,-0.27005094,-0.53009963,0.21566163,-0.21277645,False,False,3,25,True,37,37,0,0.3954851231381167,71.71246375238587,0.3954851231381167,71.71246375238587,0.0,False,False,nan,False
96,0.24163142,0.39320898,-0.2909432,-0.50983495,0.2047636,-0.21796086,False,False,2,25,False,37,37,0,2.720709504208128,74.433173256594,2.720709504208128,74.433173256594,0.0,False,False,nan,False
97,0.23841982,0.38239196,-0.31027147,-0.47928354,0.19379403,-0.21939163,False,False,2,25,True,38,38,0,3.4918991223958757,77.92507237898988,3.4918991223958757,77.92507237898988,0.0,False,False,nan,False
98,0.23526964,0.37098455,-0.30255485,-0.5054161,0.1812693,-0.25049424,False,False,3,25,False,38,38,0,0.5451913675679816,78.47026374655786,0.5451913675679816,78.47026374655786,0.0,False,False,nan,False
99,0.23218766,0.35900876,-0.2938958,-0.5305721,0.16693588,-0.28666848,False,False,3,25,True,39,39,0,0.8302380467389991,79.30050179329686,0.8302380467389991,79.30050179329686,0.0,False,False,nan,False
100,0.22910538,0.34643564,-0.2938913,-0.55725574,0.15260267,-0.28666443,False,False,0,25,False,39,39,0,0.30705343782076966,79.60755523111763,0.30705343782076966,79.60755523111763,0.0,False,False,nan,False
101,0.22602281,0.33326533,-0.29388717,-0.58393943,0.13826966,-0.28666043,False,False,0,50,True,40,40,0,0.3272325316503668,79.934787762768,0.3272325316503668,79.934787762768,0.0,False,False,nan,False
102,0.22288017,0.31948072,-0.30141643,-0.6115103,0.12547725,-0.25584805,False,False,1,50,True,41,41,0,-0.24052338149905836,79.69426438126894,-0.24052338149905836,79.69426438126894,0.0,False,False,nan,False
103,0.21972227,0.30658144,-0.30342937,-0.5723065,0.11318749,-0.24579561,False,False,2,50,True,42,42,0,5.563683325225537,85.25794770649448,5.563683325225537,85.25794770649448,0.0,False,False,nan,False
104,0.21652384,0.29423583,-0.30768347,-0.54781663,0.101112925,-0.24149159,False,False,2,50,True,43,43,0,4.040307505579887,89.29825521207437,4.040307505579887,89.29825521207437,0.0,False,False,nan,False
105,0.21328536,0.28255758,-0.31187564,-0.51826537,0.08924879,-0.23728302,False,False,2,50,True,44,44,0,4.3604200735537235,93.65867528562809,4.3604200735537235,93.65867528562809,0.0,False,False,nan,False
106,0.20996991,0.2702752,-0.3215174,-0.5453156,0.079320766,-0.19856079,False,False,1,50,True,45,45,0,-0.6778701794194564,92.98080510620863,-0.6778701794194564,92.98080510620863,0.0,False,False,nan,False
107,0.20674571,0.25878668,-0.31315976,-0.51013476,0.070152976,-0.18335591,False,False,2,50,True,46,46,0,5.164287890271251,98.14509299647989,5.164287890271251,98.14509299647989,0.0,False,False,nan,False
108,0.20348787,0.24789391,-0.31662416,-0.48371956,0.061088067,-0.18129788,False,False,2,50,True,47,47,0,3.7036607860434403,101.84875378252333,3.7036607860434403,101.84875378252333,0.0,False,False,nan,False
109,0.20024434,0.23784894,-0.31554395,-0.44611004,0.05236066,-0.174548,False,False,2,50,True,48,48,0,4.722982096535458,106.57173587905879,4.722982096535458,106.57173587905879,0.0,False,False,nan,False
110,0.1970006,0.22720493,-0.31554335,-0.47278315,0.0436333,-0.17454709,False,False,0,50,True,49,49,0,-0.30575017037219254,106.2659857086866,-0.30575017037219254,106.2659857086866,0.0,False,False,nan,False
111,0.19363908,0.2173784,-0.32696155,-0.43649453,0.034552403,-0.18161781,False,False,2,50,True,50,50,0,3.8720041832097367,110.13798989189634,3.8720041832097367,110.13798989189634,0.0,False,False,nan,False
112,0.19012852,0.20777936,-0.34124938,-0.42642584,0.024871368,-0.19362086,False,False,2,50,True,51,51,0,1.537180721190208,111.67517061308655,1.537180721190208,111.67517061308655,0.0,False,False,nan,False
113,0.18644734,0.19863024,-0.35759312,-0.4064841,0.014482295,-0.20778136,False,False,2,50,True,52,52,0,2.137226005803325,113.81239661888988,2.137226005803325,113.81239661888988,0.0,False,False,nan,False
114,0.18259907,0.18958348,-0.37355524,-0.40200567,0.0033520956,-0.22260404,False,False,2,50,True,53,53,0,0.9954120045010597,114.80780862339094,0.9954120045010597,114.80780862339094,0.0,False,False,nan,False
115,0.17864542,0.18088554,-0.38360646,-0.38658798,-0.008255283,-0.23214762,False,False,2,50,True,54,54,0,0.5243695720983623,115.3321781954893,0.5243695720983623,115.3321781954893,0.0,False,False,nan,False
116,0.17468023,0.17248271,-0.38468626,-0.37356225,-0.01993889,-0.23367205,False,False,2,50,True,55,55,0,0.24553488165507248,115.57771307714438,0.24553488165507248,115.57771307714438,0.0,False,False,nan,False
117,0.17060652,0.16427329,-0.39497894,-0.36506882,-0.03217246,-0.24467173,False,False,2,50,True,56,56,0,-0.8216079893206285,114.75610508782376,-0.8216079893206285,114.75610508782376,0.0,False,False,nan,False
118,0.16648856,0.1564215,-0.39911452,-0.3492901,-0.0447058,-0.25066668,False,False,2,50,True,57,57,0,0.03394493606847676,114.79005002389223,0.03394493606847676,114.79005002389223,0.0,False,False,nan,False
119,0.16256866,0.1489626,-0.38008773,-0.33190244,-0.056460712,-0.23509815,False,False,2,50,True,58,58,0,1.8960770517592607,116.6861270756515,1.8960770517592607,116.6861270756515,0.0,False,False,nan,False
120,0.15883084,0.14191726,-0.3625691,-0.3135838,-0.067552246,-0.22183076,False,False,2,50,True,59,59,0,1.8646645498772443,118.55079162552875,1.8646645498772443,118.55079162552875,0.0,False,False,nan,False
121,0.15520906,0.13512148,-0.35133353,-0.30255795,-0.07828537,-0.2146625,False,False,2,50,True,60,60,0,0.9188150804508666,119.46960670597961,0.9188150804508666,119.46960670597961,0.0,False,False,nan,False
122,0.15148965,0.12773345,-0.3636014,-0.32881823,-0.08655716,-0.1654354,False,False,1,50,True,61,61,0,-2.751647811469239,116.71795889451037,-2.751647811469239,116.71795889451037,0.0,False,False,nan,False
123,0.14762363,0.12031375,-0.3774124,-0.33032253,-0.09565433,-0.18194368,False,False,2,50,True,62,62,0,-1.570399951454067,115.14755894305631,-1.570399951454067,115.14755894305631,0.0,False,False,nan,False
124,0.1438466,0.11364463,-0.3685496,-0.29701534,-0.10474052,-0.18172371,False,False,2,50,True,63,63,0,2.3248525407690694,117.47241148382538,2.3248525407690694,117.47241148382538,0.0,False,False,nan,False
125,0.14017907,0.10743414,-0.35777113,-0.27667496,-0.11366452,-0.17848006,False,False,2,50,True,64,64,0,1.5849424000938483,119.05735388391923,1.5849424000938483,119.05735388391923,0.0,False,False,nan,False
126,0.13653937,0.10157898,-0.3547818,-0.26095483,-0.12279427,-0.18259495,False,False,2,50,True,65,65,0,0.6157097123303827,119.67306359624962,0.6157097123303827,119.67306359624962,0.0,False,False,nan,False
127,0.13281603,0.09514962,-0.36531758,-0.28634444,-0.12977071,-0.13952854,False,False,1,50,True,66,66,0,-2.4226382139798788,117.25042538226974,-2.4226382139798788,117.25042538226974,0.0,False,False,nan,False
128,0.12898722,0.08874479,-0.37514222,-0.28535062,-0.13747992,-0.15418403,False,False,2,50,True,67,67,0,-1.106394360520244,116.1440310217495,-1.106394360520244,116.1440310217495,0.0,False,False,nan,False
129,0.12540063,0.08305,-0.3514784,-0.2537823,-0.1446332,-0.1430657,False,False,2,50,True,68,68,0,3.3817480740842543,119.52577909583376,3.3817480740842543,119.52577909583376,0.0,False,False,nan,False
130,0.121739864,0.07678193,-0.36084732,-0.27909952,-0.14985617,-0.10445938,False,False,1,50,True,69,69,0,-2.1709973306947448,117.35478176513901,-2.1709973306947448,117.35478176513901,0.0,False,False,nan,False
131,0.11832943,0.070803106,-0.33654308,-0.26618168,-0.15434384,-0.08975368,False,False,2,50,True,70,70,0,2.565126202152169,119.91990796729118,2.565126202152169,119.91990796729118,0.0,False,False,nan,False
132,0.114933684,0.06485468,-0.33485833,-0.26487106,-0.15906373,-0.09439756,False,False,2,50,True,71,71,0,0.03399543910117303,119.95390340639236,0.03399543910117303,119.95390340639236,0.0,False,False,nan,False
133,0.11146259,0.059067618,-0.34167403,-0.25779298,-0.16449875,-0.10870047,False,False,2,50,True,72,72,0,-0.3678294971877875,119.58607390920457,-0.3678294971877875,119.58607390920457,0.0,False,False,nan,False
134,0.10808182,0.053498637,-0.33264947,-0.24812478,-0.16993499,-0.10872483,False,False,2,50,True,73,73,0,1.0133354885065955,120.59940939771117,1.0133354885065955,120.59940939771117,0.0,False,False,nan,False
135,0.10477505,0.048339855,-0.32505736,-0.22993119,-0.17556034,-0.11250748,False,False,2,50,True,74,74,0,1.3420359373593242,121.9414453350705,1.3420359373593242,121.9414453350705,0.0,False,False,nan,False
136,0.10138874,0.04259263,-0.33503714,-0.2558599,-0.17916931,-0.072179005,False,False,1,50,True,75,75,0,-2.1894653847311205,119.75197995033938,-2.1894653847311205,119.75197995033938,0.0,False,False,nan,False
137,0.097984694,0.036785826,-0.33642584,-0.25856757,-0.18315515,-0.07971645,False,False,2,50,True,76,76,0,-0.44253578473859817,119.30944416560078,-0.44253578473859817,119.30944416560078,0.0,False,False,nan,False
138,0.09478235,0.0313109,-0.31665593,-0.24377479,-0.18674779,-0.07185297,False,False,2,50,True,77,77,0,2.2938942514166714,121.60333841701745,2.2938942514166714,121.60333841701745,0.0,False,False,nan,False
139,0.09168158,0.026042758,-0.30650532,-0.23459318,-0.19034106,-0.07186503,False,False,2,50,True,78,78,0,1.1560890243709252,122.75942744138838,1.1560890243709252,122.75942744138838,0.0,False,False,nan,False
140,0.088485435,0.020194182,-0.31846094,-0.26008683,-0.19149959,-0.02317084,True,False,1,50,True,79,79,0,7.789600408835583,130.54902785022398,7.789600408835583,130.54902785022398,0.0,False,False,0.26008683,True
141,0.08559904,0.015290175,-0.30608654,-0.21600667,-0.1734645,0.36142504,True,False,2,50,True,80,79,1,5.538356966841232,136.0873848170652,5.538356966841232,136.0873848170652,0.0,False,False,nan,True
142,0.08298645,0.011457119,-0.29836196,-0.16646077,-0.136336,0.74262583,True,False,2,50,True,81,79,2,7.02827973568871,143.1156645527539,7.02827973568871,143.1156645527539,0.0,False,False,nan,True
143,0.08052635,0.008341036,-0.29459953,-0.13478783,-0.08795835,0.96767294,True,False,2,50,True,82,79,3,6.58802499960876,149.70368955236268,6.58802499960876,149.70368955236268,0.0,False,False,nan,True
144,0.07810936,0.0060435985,-0.2905547,-0.099973075,-0.039521173,0.96888036,True,False,2,50,True,83,79,4,6.47487616475824,156.1785657171209,6.47487616475824,156.1785657171209,0.0,False,False,nan,True
145,0.07573366,0.0031332946,-0.2830389,-0.12875901,0.0053766766,0.89795744,True,False,3,50,True,84,79,5,3.2711777400563604,159.44974345717728,3.2711777400563604,159.44974345717728,0.0,False,False,nan,True
146,0.073196694,0.0008461571,-0.29842213,-0.10239827,0.049547363,0.88341504,False,True,2,1,True,85,79,6,-4.91252786687254,154.53721559030473,-4.91252786687254,154.53721559030473,0.0,False,False,nan,True
147,0.07070074,-0.001292243,-0.2747816,-0.09654757,0.07271686,0.4611311,False,True,3,1,False,85,79,6,0.32713347423079253,154.86434906453553,0.32713347423079253,154.86434906453553,0.0,False,False,nan,True
148,0.068152525,-0.0033786083,-0.25701314,-0.09283989,0.074858725,0.04280261,False,True,3,1,False,85,79,6,1.80168699434529,156.66603605888082,1.80168699434529,156.66603605888082,0.0,False,False,nan,True
149,0.065554716,-0.0053992774,-0.24122402,-0.08899107,0.05646832,-0.36785698,False,True,3,1,False,85,79,6,3.6701574849416985,160.33619354382253,3.6701574849416985,160.33619354382253,0.0,False,False,nan,True
150,0.062950805,-0.0075501227,-0.22608714,-0.09466291,0.022521315,-0.67901003,True,True,3,1,False,85,79,6,14.803235447980073,175.13942899180262,14.803235447980073,175.13942899180262,0.0,False,False,nan,True
151,0.06058407,-0.0094746975,-0.20948963,-0.085472725,-0.0030308247,-0.5094203,True,True,3,1,False,85,79,6,4.012161343589441,179.15159033539206,4.012161343589441,179.15159033539206,0.0,False,False,nan,True
152,0.05848675,-0.01116853,-0.19193774,-0.075423665,-0.02059292,-0.35122797,True,True,3,1,False,85,79,6,0.39449925586877765,179.54608959126082,0.39449925586877765,179.54608959126082,0.0,False,False,nan,True
153,0.05664072,-0.012585237,-0.17214735,-0.06318988,-0.032887455,-0.24588892,True,True,3,1,False,85,79,6,1.1773664500990837,180.7234560413599,1.1773664500990837,180.7234560413599,0.0,False,False,nan,True
154,0.055023767,-0.013652398,-0.15223604,-0.04767012,-0.04223385,-0.18692878,True,True,3,1,False,85,79,6,1.5536888422928652,182.27714488365277,1.5536888422928652,182.27714488365277,0.0,False,False,nan,True
155,0.053611375,-0.014329817,-0.13334389,-0.03035396,-0.050040122,-0.15612516,True,True,3,1,False,85,79,6,1.5862448585316546,183.8633897421844,1.5862448585316546,183.8633897421844,0.0,False,False,nan,True
156,0.052402686,-0.014591208,-0.11383418,-0.011871146,-0.05699479,-0.13908978,True,True,3,1,False,85,79,6,1.6146198086841157,185.47800955086853,1.6146198086841157,185.47800955086853,0.0,False,False,nan,True
157,0.051407337,-0.014474299,-0.0934797,0.0049533835,-0.06297553,-0.119608566,True,True,3,1,False,85,79,6,1.554991318757389,187.03300086962594,1.554991318757389,187.03300086962594,0.0,False,False,nan,True
158,0.05060663,-0.013991072,-0.07632302,0.021315191,-0.06666971,-0.073877074,True,True,3,1,False,85,79,6,1.1274235309370095,188.16042440056296,1.1274235309370095,188.16042440056296,0.0,False,False,nan,True
159,0.050029755,-0.013165488,-0.0562922,0.036630686,-0.06804306,-0.027461544,True,True,3,1,False,85,79,6,1.1181085428282327,189.27853294339118,1.1181085428282327,189.27853294339118,0.0,False,False,nan,True
160,0.04960394,-0.012044575,-0.04295933,0.04983903,-0.06765877,0.0076935464,True,True,3,1,False,85,79,6,0.21347388855724006,189.49200683194843,0.21347388855724006,189.49200683194843,0.0,False,False,nan,True
161,0.04929123,-0.010757115,-0.031251147,0.057219945,-0.067668244,-0.00018778132,True,True,3,1,False,85,79,6,0.08850531755005278,189.58051214949847,0.08850531755005278,189.58051214949847,0.0,False,False,nan,True
162,0.049074173,-0.009391013,-0.021762054,0.06072045,-0.06760948,0.0011760264,True,True,3,1,False,85,79,6,0.09409111222153868,189.67460326172002,0.09409111222153868,189.67460326172002,0.0,False,False,nan,True
163,0.049039174,-0.008342304,-0.0111396555,0.046934597,-0.0600531,0.15112606,True,True,3,1,False,85,79,6,2.3741289590692616,192.04873222078928,2.3741289590692616,192.04873222078928,0.0,False,False,nan,True
164,0.049064923,-0.007541933,-0.0033241827,0.035797004,-0.05422083,0.11664404,True,True,3,1,False,85,79,6,1.7922206860291585,193.84095290681844,1.7922206860291585,193.84095290681844,0.0,False,False,nan,True
165,0.04918442,-0.0070352103,0.008146432,0.022652894,-0.050458197,0.07525303,True,True,3,1,False,85,79,6,1.5296637790812408,195.37061668589968,1.5296637790812408,195.37061668589968,0.0,False,False,nan,True
166,0.049331665,-0.006765666,0.01266938,0.012043831,-0.04841939,0.04079048,True,True,3,1,False,85,79,6,0.8223081670720565,196.19292485297174,0.8223081670720565,196.19292485297174,0.0,False,False,nan,True
167,0.049518585,-0.0066519403,0.017744329,0.00508117,-0.04747182,0.018960167,True,True,3,1,False,85,79,6,-0.04993859749355664,196.14298625547818,-0.04993859749355664,196.14298625547818,0.0,False,False,nan,True
168,0.049746703,-0.0065907147,0.022249278,0.002737657,-0.046902463,0.011397059,True,True,3,1,False,85,79,6,-0.3908227990271651,195.752163456451,-0.3908227990271651,195.752163456451,0.0,False,False,nan,True
169,0.050033472,-0.006486824,0.027786002,0.004641244,-0.046025243,0.017553272,True,True,3,1,False,85,79,6,-0.5447504761971735,195.20741298025382,-0.5447504761971735,195.20741298025382,0.0,False,False,nan,True
170,0.05033493,-0.0062642717,0.028398076,0.009942055,-0.04429013,0.03470809,True,True,3,1,False,85,79,6,-0.0753052516875605,195.13210772856627,-0.0753052516875605,195.13210772856627,0.0,False,False,nan,True
171,0.050684355,-0.005937829,0.032426685,0.014581199,-0.041801505,0.049774714,True,True,3,1,False,85,79,6,-0.35852105129661704,194.77358667726966,-0.35852105129661704,194.77358667726966,0.0,False,False,nan,True
172,0.05108137,-0.00551497,0.03647531,0.018880354,-0.03861071,0.06381606,True,True,3,1,False,85,79,6,-0.29743152330267963,194.47615515396697,-0.29743152330267963,194.47615515396697,0.0,False,False,nan,True
173,0.051529504,-0.005025234,0.041085474,0.021858858,-0.03492765,0.073659085,True,True,3,1,False,85,79,6,-0.2479030427877624,194.22825211117922,-0.2479030427877624,194.22825211117922,0.0,False,False,nan,True
174,0.052037526,-0.0045105363,0.04687383,0.022959827,-0.031054558,0.077458724,True,True,3,1,False,85,79,6,-0.2542077803170588,193.97404433086217,-0.2542077803170588,193.97404433086217,0.0,False,False,nan,True
175,0.052562617,-0.0039867903,0.048506998,0.023356315,-0.02710497,0.078988165,True,True,3,1,False,85,79,6,0.1526333034226053,194.1266776342848,0.1526333034226053,194.1266776342848,0.0,False,False,nan,True
176,0.053111456,-0.0034772777,0.050986208,0.02271113,-0.023249218,0.077111885,True,True,3,1,False,85,79,6,0.10657334343280958,194.2332509777176,0.10657334343280958,194.2332509777176,0.0,False,False,nan,True
177,0.05371008,-0.0030217313,0.056343287,0.020296633,-0.019779688,0.069388494,True,True,3,1,False,85,79,6,-0.14722045992916996,194.08603051778843,-0.14722045992916996,194.08603051778843,0.0,False,False,nan,True
178,0.054373074,-0.0026374601,0.06330414,0.017115992,-0.016826428,0.05906539,True,True,3,1,False,85,79,6,-0.3678389650964504,193.718191552692,-0.3678389650964504,193.718191552692,0.0,False,False,nan,True
179,0.05507517,-0.0022907043,0.06749482,0.015438453,-0.014144342,0.053642612,True,True,3,1,False,85,79,6,-0.196444796343443,193.52174675634853,-0.196444796343443,193.52174675634853,0.0,False,False,nan,True
180,0.055797674,-0.0019606852,0.069654055,0.014690882,-0.011580892,0.051270943,True,True,3,1,False,85,79,6,-0.03943470008363434,193.4823120562649,-0.03943470008363434,193.4823120562649,0.0,False,False,nan,True
181,0.056580447,-0.0016392135,0.07574516,0.014305261,-0.009076551,0.050088607,True,True,3,1,False,85,79,6,-0.4465469907904651,193.03576506547444,-0.4465469907904651,193.03576506547444,0.0,False,False,nan,True
182,0.057400703,-0.0013043308,0.07938737,0.014895269,-0.0064689904,0.052152563,True,True,3,1,False,85,79,6,-0.21922623162197105,192.81653883385246,-0.21922623162197105,192.81653883385246,0.0,False,False,nan,True
183,0.058268357,-0.0009445572,0.08393162,0.01599901,-0.003671696,0.055946864,True,True,3,1,False,85,79,6,-0.30334094081509444,192.51319789303736,-0.30334094081509444,192.51319789303736,0.0,False,False,nan,True
184,0.05918131,-0.00094198226,0.09129067,0.00011339636,-0.00367027,2.761155e-05,True,True,3,1,False,85,79,6,-0.705923295657519,191.80727459737983,-0.705923295657519,191.80727459737983,0.0,False,False,nan,True
185,0.060114574,-0.0009442711,0.09332716,-0.00010144567,-0.0036715437,-2.4685356e-05,True,True,3,1,False,85,79,6,-0.3270931574988072,191.48018143988102,-0.3270931574988072,191.48018143988102,0.0,False,False,nan,True
186,0.061107256,-0.0009444141,0.09926927,-7.0870724e-06,-0.003671636,-1.6957754e-06,True,True,3,1,False,85,79,6,-0.7234711111443335,190.7567103287367,-0.7234711111443335,190.7567103287367,0.0,False,False,nan,True
187,0.062159635,-0.0009442711,0.10523732,5.671201e-06,-0.0036715756,1.3673824e-06,True,True,3,1,False,85,79,6,-0.7320239452449353,190.02468638349174,-0.7320239452449353,190.02468638349174,0.0,False,False,nan,True
188,0.06325159,-0.00094434264,0.10919271,-4.7466215e-06,-0.0036716326,-1.1788255e-06,True,True,3,1,False,85,79,6,-0.5347279424570839,189.48995844103464,-0.5347279424570839,189.48995844103464,0.0,False,False,nan,True
189,0.064387605,-0.0009442711,0.11360188,2.2696279e-06,-0.003671611,5.1360064e-07,True,True,3,1,False,85,79,6,-0.5845039857221426,188.9054544553125,-0.5845039857221426,188.9054544553125,0.0,False,False,nan,True
190,0.0655839,-0.00094434264,0.11963028,-2.3645416e-06,-0.0036716342,-5.825835e-07,True,True,3,1,False,85,79,6,-0.7524588948634967,188.152995560449,-0.7524588948634967,188.152995560449,0.0,False,False,nan,True
191,0.0668025,-0.0009442711,0.12185936,4.706155e-06,-0.003671588,1.1315449e-06,True,True,3,1,False,85,79,6,-0.37475163450632,187.7782439259427,-0.37475163450632,187.7782439259427,0.0,False,False,nan,True
192,0.06807651,-0.0009442711,0.12740241,-8.435887e-08,-0.003671572,-3.5731815e-09,True,True,3,1,False,85,79,6,-0.7116925868828357,187.06655133905986,-0.7116925868828357,187.06655133905986,0.0,False,False,nan,True
193,0.06938057,-0.0009442711,0.13040702,-6.505712e-07,-0.0036715795,-1.5613467e-07,True,True,3,1,False,85,79,6,-0.4608549178026482,186.60569642125722,-0.4608549178026482,186.60569642125722,0.0,False,False,nan,True
194,0.07072468,-0.0009442711,0.13441423,1.3870343e-06,-0.0036715677,3.498498e-07,True,True,3,1,False,85,79,6,-0.5651171035155318,186.0405793177417,-0.5651171035155318,186.0405793177417,0.0,False,False,nan,True
195,0.0720973,-0.00094434264,0.13726178,-4.2478337e-06,-0.0036716175,-1.066646e-06,True,True,3,1,False,85,79,6,-0.4520118488800964,185.5885674688616,-0.4520118488800964,185.5885674688616,0.0,False,False,nan,True
196,0.07352791,-0.0009442711,0.14306153,3.4250972e-06,-0.0036715786,8.600791e-07,True,True,3,1,True,86,79,7,-0.7530193213426404,184.83554814751898,-0.7530193213426404,184.83554814751898,0.0,False,False,nan,True
197,0.07490196,-0.00094434264,0.13740595,-2.5836675e-06,-0.003671603,-6.061757e-07,True,True,0,1,False,86,79,7,0.42816186487101504,185.26371001239,0.42816186487101504,185.26371001239,0.0,False,False,nan,True
198,0.07621946,-0.00094434264,0.13174884,-6.4132784e-08,-0.0036716082,3.5676027e-08,True,True,0,1,False,86,79,7,0.433969740067095,185.69767975245708,0.433969740067095,185.69767975245708,0.0,False,False,nan,True
199,0.07748041,-0.00094434264,0.1260916,3.9720742e-08,-0.0036716063,3.9692697e-08,True,True,0,1,False,86,79,7,0.43963926062988534,186.13731901308697,0.43963926062988534,186.13731901308697,0.0,False,False,nan,True
200,0.07868471,-0.00094434264,0.120434724,3.8214594e-08,-0.0036716033,3.5344463e-08,True,True,0,1,False,86,79,7,0.4452665351081748,186.58258554819514,0.4452665351081748,186.58258554819514,0.0,False,False,nan,True
201,0.07983246,-0.00094434264,0.11477786,3.4107945e-08,-0.0036716012,3.0701802e-08,True,True,0,1,False,86,79,7,0.45091987773788844,187.03350542593301,0.45091987773788844,187.03350542593301,0.0,False,False,nan,True
202,0.080923654,-0.00094434264,0.109121,3.0824577e-08,-0.0036715998,2.0397394e-08,True,True,0,1,False,86,79,7,0.4565744809356005,187.49007990686863,0.4565744809356005,187.49007990686863,0.0,False,False,nan,True
203,0.081958294,-0.00094434264,0.10346414,2.8947797e-08,-0.0036715986,1.27357325e-08,True,True,0,1,False,86,79,7,0.46222917087423454,187.95230907774285,0.46222917087423454,187.95230907774285,0.0,False,False,nan,True
204,0.082936384,-0.00094434264,0.09780728,2.7017855e-08,-0.0036715933,1.00102795e-07,True,True,0,1,False,86,79,7,0.46788374290605006,188.4201928206489,0.46788374290605006,188.4201928206489,0.0,False,False,nan,True
205,0.08385792,-0.00094434264,0.092150435,2.5088237e-08,-0.0036715865,1.12320095e-07,True,True,0,1,False,86,79,7,0.473538067402405,188.89373088805132,0.473538067402405,188.89373088805132,0.0,False,False,nan,True
206,0.0847229,-0.00094434264,0.08649358,2.315847e-08,-0.0036715802,1.16370245e-07,True,True,0,1,False,86,79,7,0.4791928300796897,189.372923718131,0.4791928300796897,189.372923718131,0.0,False,False,nan,True
207,0.085531235,-0.00094434264,0.08083673,1.7111713e-08,-0.0036715744,1.2095975e-07,True,True,0,1,False,86,79,7,0.4848571542299176,189.85778087236093,0.4848571542299176,189.85778087236093,0.0,False,False,nan,True
208,0.08628301,-0.00094434264,0.07517988,1.0561267e-08,-0.0036715674,1.14126905e-07,True,True,0,1,False,86,79,7,0.49051212776317143,190.3482930001241,0.49051212776317143,190.3482930001241,0.0,False,False,nan,True
209,0.086978436,-0.0009462738,0.06954177,-8.5007116e-05,-0.0036726354,-2.0689531e-05,True,True,0,1,False,86,79,7,0.49415917028722234,190.84245217041132,0.49415917028722234,190.84245217041132,0.0,False,False,nan,True
210,0.087617114,-0.00094641687,0.06386794,-6.970105e-06,-0.003670878,3.503031e-05,True,True,0,1,False,86,79,7,0.5036995005837284,191.34615167099506,0.5036995005837284,191.34615167099506,0.0,False,False,nan,True
211,0.088199235,-0.00094641687,0.058209646,4.653224e-07,-0.0036708731,9.692053e-08,True,False,0,1,False,86,79,7,-9.492378507072633,181.85377316392243,-9.492378507072633,181.85377316392243,0.0,False,False,nan,True
212,0.08872481,-0.00094641687,0.052552752,6.0958584e-08,-0.0036708757,-2.3989255e-08,True,False,0,1,False,86,79,7,0.5131349662025926,182.366908130125,0.5131349662025926,182.366908130125,0.0,False,False,nan,True
213,0.089193724,-0.00094641687,0.04689598,-3.912175e-08,-0.003670879,-5.078352e-08,True,False,0,1,False,86,79,7,0.518787446595228,182.88569557672025,0.518787446595228,182.88569557672025,0.0,False,False,nan,True
214,0.08960609,-0.00094641687,0.041239146,-3.991174e-08,-0.0036708824,-5.5709798e-08,True,False,0,1,False,86,79,7,0.5244486275283702,183.4101442042486,0.5244486275283702,183.4101442042486,0.0,False,False,nan,True
215,0.08996191,-0.00094641687,0.03558229,-3.8490615e-08,-0.0036708862,-6.03382e-08,True,False,0,1,False,86,79,7,0.5301056452116697,183.9402498494603,0.5301056452116697,183.9402498494603,0.0,False,False,nan,True
216,0.090261176,-0.00094641687,0.029925432,-3.4958145e-08,-0.00367089,-6.02177e-08,True,False,0,1,False,86,79,7,0.5357606076789185,184.4760104571392,0.5357606076789185,184.4760104571392,0.0,False,False,nan,True
217,0.09050389,-0.00094641687,0.024268577,-3.3939987e-08,-0.003670894,-5.817755e-08,True,False,0,1,False,86,79,7,0.5414155299089831,185.0174259870482,0.5414155299089831,185.0174259870482,0.0,False,False,nan,True
218,0.09069004,-0.00094641687,0.018611722,-2.9438352e-08,-0.003670896,-2.1131337e-08,True,False,0,1,False,86,79,7,0.5470705875820023,185.5644965746302,0.5470705875820023,185.5644965746302,0.0,False,False,nan,True
219,0.09081955,-0.00094641687,0.0129548665,-2.5087996e-08,-0.0036708962,-3.8314627e-09,True,False,0,1,False,86,79,7,0.5527352644753858,186.11723183910559,0.5527352644753858,186.11723183910559,0.0,False,False,nan,True
220,0.09089251,-0.00094641687,0.0072980113,-2.122833e-08,-0.003670899,-2.8655819e-08,True,False,0,1,False,86,79,7,0.5583900632007879,186.67562190230637,0.5583900632007879,186.67562190230637,0.0,False,False,nan,True
221,0.09090891,-0.00094641687,0.0016411558,-1.7368684e-08,-0.0036709015,-3.6853233e-08,True,False,0,1,False,86,79,7,0.5640450682931686,187.23966697059956,0.5640450682931686,187.23966697059956,0.0,False,False,nan,True
222,0.09089603,-0.00094641687,-0.0013073565,-1.1178897e-06,-0.0036512543,0.00038248178,True,False,0,1,False,86,79,7,0.03663198442582072,187.27629895502537,0.03663198442582072,187.27629895502537,0.0,False,False,nan,True
223,0.0908824,-0.00094641687,-0.0013839414,-1.201499e-06,-0.0036304328,0.00040487232,True,False,0,1,False,86,79,7,-0.0042126458724052185,187.27208630915297,-0.0042126458724052185,187.27208630915297,0.0,False,False,nan,True
224,0.09087773,-0.00094641687,-0.00047461325,-4.1286089e-07,-0.0036232956,0.00013884249,True,False,0,1,False,86,79,7,0.0921138371475525,187.36420014630053,0.0921138371475525,187.36420014630053,0.0,False,False,nan,True
225,0.09087916,-0.00094641687,0.00014124323,1.2029678e-07,-0.0036254073,-4.13036e-05,True,False,0,1,False,86,79,7,0.032982794436899,187.39718294073742,0.032982794436899,187.39718294073742,0.0,False,False,nan,True
226,0.09088154,-0.00094641687,0.00024601235,2.1510007e-07,-0.003629103,-7.197272e-05,True,False,0,1,False,86,79,7,-0.01108489415246261,187.38609804658495,-0.01108489415246261,187.38609804658495,0.0,False,False,nan,True
227,0.09088268,-0.00094641687,0.0001139874,1.0076413e-07,-0.0036308193,-3.334828e-05,True,False,0,1,False,86,79,7,0.012916445943680799,187.39901449252864,0.012916445943680799,187.39901449252864,0.0,False,False,nan,True
228,0.090882584,-0.00094641687,-5.859918e-06,-4.714502e-09,-0.003630724,1.7358886e-06,True,False,0,1,False,86,79,7,0.01083181134154998,187.40984630387018,0.01083181134154998,187.40984630387018,0.0,False,False,nan,True
229,0.090882204,-0.00094641687,-4.084671e-05,-3.5755654e-08,-0.0036301105,1.1952453e-05,True,False,0,1,False,86,79,7,-0.0033991845941407917,187.40644711927604,-0.0033991845941407917,187.40644711927604,0.0,False,False,nan,True
230,0.09088192,-0.00094641687,-2.4640147e-05,-2.1262498e-08,-0.0036297338,7.2092853e-06,True,False,0,1,False,86,79,7,0.001686937436216951,187.40813405671224,0.001686937436216951,187.40813405671224,0.0,False,False,nan,True
231,0.09088192,-0.00094641687,-2.7476476e-06,-1.9507174e-09,-0.0036296865,8.6063454e-07,True,False,0,1,False,86,79,7,0.0021939772273498193,187.4103280339396,0.0021939772273498193,187.4103280339396,0.0,False,False,nan,True
232,0.09088202,-0.00094641687,6.221904e-06,6.2201186e-09,-0.0036297992,-1.835619e-06,True,False,0,1,False,86,79,7,-0.00036823111913619755,187.40995980282048,-0.00036823111913619755,187.40995980282048,0.0,False,False,nan,True
233,0.09088211,-0.00094641687,4.941111e-06,3.88832e-09,-0.0036298772,-1.4725799e-06,True,False,0,1,False,86,79,7,0.00011074344197936625,187.41007054626246,0.00011074344197936625,187.41007054626246,0.0,False,False,nan,True
234,0.09088211,-0.00094641687,1.1979706e-06,1.2539976e-09,-0.0036298935,-3.2525517e-07,True,False,0,1,False,86,79,7,0.0003726842951916609,187.41044323055766,0.0003726842951916609,187.41044323055766,0.0,False,False,nan,True
235,0.09088211,-0.00094641687,-8.376839e-07,-9.231607e-10,-0.003629884,2.8196538e-07,True,False,0,1,False,86,79,7,3.698328895040959e-05,187.4104802138466,3.698328895040959e-05,187.4104802138466,0.0,False,False,nan,True
236,0.09088211,-0.00094641687,-9.423047e-07,-6.7505773e-10,-0.0036298642,3.5349035e-07,True,False,0,1,False,86,79,7,-8.482994104497266e-06,187.4104717308525,-8.482994104497266e-06,187.4104717308525,0.0,False,False,nan,True
237,0.09088211,-0.00094641687,-3.480473e-07,-1.6608362e-10,-0.0036298686,4.706539e-08,True,False,0,1,False,86,79,7,5.898338461385322e-05,187.4105307142371,5.898338461385322e-05,187.4105307142371,0.0,False,False,nan,True
238,0.09088211,-0.00094641687,9.0779615e-08,2.2747813e-10,-0.0036298777,-7.640524e-08,True,False,0,1,False,86,79,7,2.4818704009277326e-05,187.41055553294112,2.4818704009277326e-05,187.41055553294112,0.0,False,False,nan,True
239,0.09088211,-0.00094641687,1.728267e-07,6.6967487e-10,-0.0036298889,-7.2701724e-08,True,False,0,1,False,86,79,7,-9.322396355315732e-06,187.41054621054477,-9.322396355315732e-06,187.41054621054477,0.0,False,False,nan,True
240,0.09088211,-0.00094641687,9.278201e-08,5.998014e-11,-0.003629899,-9.095342e-08,True,False,0,1,False,86,79,7,7.003424592255669e-06,187.41055321396937,7.003424592255669e-06,187.41055321396937,0.0,False,False,nan,True
241,0.09088211,-0.00094641687,1.7078623e-08,8.011039e-10,-0.0036299005,-6.1765995e-08,True,False,0,1,False,86,79,7,7.405481396105529e-06,187.41056061945076,7.405481396105529e-06,187.41056061945076,0.0,False,False,nan,True
242,0.09088211,-0.00094641687,-3.939219e-08,1.0756506e-09,-0.00362991,9.485085e-08,True,False,0,1,False,86,79,7,-3.1855528490609686e-06,187.4105574338979,-3.1855528490609686e-06,187.4105574338979,0.0,False,False,nan,True
243,0.09088211,-0.00094641687,-5.04893e-08,-5.8655397e-10,-0.0036299033,9.485272e-08,True,False,0,1,False,86,79,7,-4.3337466060222596e-07,187.41055700052326,-4.3337466060222596e-07,187.41055700052326,0.0,False,False,nan,True
244,0.09088211,-0.00094641687,-4.1105388e-08,-2.1767223e-10,-0.0036299056,9.013488e-08,True,False,0,1,False,86,79,7,7.058440445462111e-07,187.41055770636729,7.058440445462111e-07,187.41055770636729,0.0,False,False,nan,True
245,0.09088211,-0.00094641687,0.0,0.0,-0.0036299066,0.0,True,False,0,1,False,86,79,7,100,287.4105577063673,100,287.4105577063673,0.0,True,False,nan,True
