step,x,y,vx,vy,angle,angular_velocity,left_leg_contact,right_leg_contact,navigation_action,current_fps,fresh_observation,n_fresh_observations,n_fresh_observations_before_touchdown,n_fresh_observations_after_touchdown,instant_nav_reward,cumulative_nav_reward,instant_adaptive_reward,cumulative_adaptive_reward,instant_frame_penalty,terminated,truncated,vy_at_touchdown,success
1,0.0081707,1.4248874,0.41321692,0.29751837,-0.00935835,-0.0926344,False,False,0,10,True,2,2,0,0.45321256753754824,0.45321256753754824,0.45321256753754824,0.45321256753754824,0.0,False,False,nan,False
2,0.0122561455,1.4309833,0.41323167,0.27088794,-0.013987056,-0.09258285,False,False,0,10,False,2,2,0,0.43215736454354214,0.8853699320810904,0.43215736454354214,0.8853699320810904,0.0,False,False,nan,False
3,0.016341876,1.4364793,0.41324526,0.24421565,-0.018615166,-0.09257084,False,False,0,10,False,2,2,0,0.3927885596105227,1.278158491691613,0.3927885596105227,1.278158491691613,0.0,False,False,nan,False
4,0.020427609,1.4413755,0.41325885,0.21754542,-0.023242539,-0.09255628,False,False,0,10,False,2,2,0,0.34167991536875775,1.6198384070603709,0.34167991536875775,1.6198384070603709,0.0,False,False,nan,False
5,0.024513626,1.445672,0.41327247,0.19087552,-0.027869208,-0.09254159,False,False,0,10,False,2,2,0,0.2812411365613059,1.9010795436216767,0.2812411365613059,1.9010795436216767,0.0,False,False,nan,False
6,0.02859974,1.4493687,0.41328612,0.16420572,-0.032495156,-0.092527226,False,False,0,10,True,3,3,0,0.21133972985484206,2.112419273476519,0.21133972985484206,2.112419273476519,0.0,False,False,nan,False
7,0.032686044,1.4524658,0.4132997,0.13753577,-0.037120365,-0.0925126,False,False,0,10,False,3,3,0,0.13211219273375718,2.244531466210276,0.13211219273375718,2.244531466210276,0.0,False,False,nan,False
8,0.03677244,1.4549631,0.41331324,0.11086573,-0.041744854,-0.09249812,False,False,0,10,False,3,3,0,0.044047724344153494,2.2885791905544295,0.044047724344153494,2.2885791905544295,0.0,False,False,nan,False
9,0.040858936,1.4568607,0.41332674,0.0841956,-0.04636861,-0.09248368,False,False,0,10,False,3,3,0,-0.05204463763931244,2.236534552915117,-0.05204463763931244,2.236534552915117,0.0,False,False,nan,False
10,0.044945717,1.4581584,0.41334015,0.057525314,-0.05099165,-0.09246927,False,False,0,10,False,3,3,0,-0.1549376622533032,2.081596890661814,-0.1549376622533032,2.081596890661814,0.0,False,False,nan,False
11,0.0490325,1.4588563,0.41335344,0.030854918,-0.055613976,-0.092454925,False,False,0,10,True,4,4,0,-0.26310435337347826,1.8184925372883356,-0.26310435337347826,1.8184925372883356,0.0,False,False,nan,False
12,0.053022575,1.458953,0.40121752,0.004216848,-0.057803534,-0.043795027,False,False,1,10,False,4,4,0,1.0538088911838497,2.872301428472185,1.0538088911838497,2.872301428472185,0.0,False,False,nan,False
13,0.05692978,1.458451,0.3908226,-0.02231787,-0.057909947,-0.0021282984,False,False,1,10,False,4,4,0,0.9728400648306501,3.845141493302835,0.9728400648306501,3.845141493302835,0.0,False,False,nan,False
14,0.06077347,1.4573495,0.3828698,-0.048898503,-0.05642375,0.029726814,False,False,1,10,False,4,4,0,0.7611332854106092,4.606274778713444,0.7611332854106092,4.606274778713444,0.0,False,False,nan,False
15,0.06453247,1.4556543,0.3722475,-0.07521462,-0.052805997,0.07236163,False,False,1,10,False,4,4,0,1.1059447634841046,5.712219542197548,1.1059447634841046,5.712219542197548,0.0,False,False,nan,False
16,0.0682168,1.4533622,0.36288047,-0.10168771,-0.047313325,0.109863296,False,False,1,10,True,5,5,0,1.0225776897642913,6.734797231961839,1.0225776897642913,6.734797231961839,0.0,False,False,nan,False
17,0.07190094,1.4504704,0.36286378,-0.12835808,-0.041821826,0.10983988,False,False,0,10,False,5,5,0,0.016396107549098815,6.751193339510938,0.016396107549098815,6.751193339510938,0.0,False,False,nan,False
18,0.07558479,1.4469789,0.3628474,-0.15502864,-0.036330782,0.1098308,False,False,0,10,False,5,5,0,-0.08903948065122336,6.662153858859715,-0.08903948065122336,6.662153858859715,0.0,False,False,nan,False
19,0.07926865,1.4428878,0.3628314,-0.1816992,-0.030840553,0.1098147,False,False,0,10,False,5,5,0,-0.18279742357876216,6.479356435280953,-0.18279742357876216,6.479356435280953,0.0,False,False,nan,False
20,0.082952306,1.4381971,0.36281532,-0.20836987,-0.025351154,0.10979791,False,False,0,10,False,5,5,0,-0.26430466853753387,6.215051766743419,-0.26430466853753387,6.215051766743419,0.0,False,False,nan,False
21,0.08663578,1.4329069,0.3627993,-0.23504066,-0.019862564,0.10978141,False,False,0,10,True,6,6,0,-0.33358478470205455,5.881466982041364,-0.33358478470205455,5.881466982041364,0.0,False,False,nan,False
22,0.09025936,1.4270234,0.35528353,-0.26140657,-0.012870355,0.13985682,False,False,1,10,False,6,6,0,0.35330481790535484,6.234771799946719,0.35330481790535484,6.234771799946719,0.0,False,False,nan,False
23,0.09379959,1.420537,0.34484178,-0.28822666,-0.0037930813,0.18156192,False,False,1,10,False,6,6,0,0.6677735716452002,6.902545371591919,0.6677735716452002,6.902545371591919,0.0,False,False,nan,False
24,0.09726925,1.4134474,0.33600777,-0.31510133,0.0070460727,0.21680251,False,False,1,10,False,6,6,0,-0.7920287343399355,6.110516637251983,-0.7920287343399355,6.110516637251983,0.0,False,False,nan,False
25,0.10065031,1.4057472,0.3248654,-0.34235236,0.020110266,0.26128376,False,False,1,10,False,6,6,0,-1.723501894472746,4.387014742779237,-1.723501894472746,4.387014742779237,0.0,False,False,nan,False
26,0.103963755,1.3974446,0.31639403,-0.36926177,0.034872282,0.29524016,False,False,1,10,True,7,7,0,-2.133746678957151,2.253268063822086,-2.133746678957151,2.253268063822086,0.0,False,False,nan,False
27,0.10727701,1.3885452,0.31639478,-0.39594665,0.04963406,0.29523566,False,False,0,10,False,7,7,0,-2.670003214111574,-0.41673515028948804,-2.670003214111574,-0.41673515028948804,0.0,False,False,nan,False
28,0.11059036,1.3790486,0.3163959,-0.42263156,0.06439562,0.29523116,False,False,0,10,False,7,7,0,-2.6664543405840107,-3.0831894908734987,-2.6664543405840107,-3.0831894908734987,0.0,False,False,nan,False
29,0.11390352,1.3689549,0.31639743,-0.4493164,0.07915695,0.29522675,False,False,0,10,False,7,7,0,-2.6566448239966576,-5.739834314870157,-2.6566448239966576,-5.739834314870157,0.0,False,False,nan,False
30,0.11721649,1.3582641,0.31639937,-0.47600126,0.09391806,0.29522237,False,False,0,10,False,7,7,0,-2.6414085982689244,-8.381242913139081,-2.6414085982689244,-8.381242913139081,0.0,False,False,nan,False
31,0.12052937,1.346976,0.31640166,-0.50268614,0.10867896,0.29521793,False,False,0,10,True,8,8,0,-2.6214468328082603,-11.002689745947341,-2.6214468328082603,-11.002689745947341,0.0,False,False,nan,False
32,0.12392559,1.3351023,0.3268967,-0.5287009,0.12132332,0.25288752,False,False,3,10,False,8,8,0,-2.90550756009216,-13.9081973060395,-2.90550756009216,-13.9081973060395,0.0,False,False,nan,False
33,0.12740222,1.3226494,0.33702007,-0.55437356,0.13190943,0.2117224,False,False,3,10,False,8,8,0,-2.599383804210247,-16.50758111024975,-2.599383804210247,-16.50758111024975,0.0,False,False,nan,False
34,0.1309723,1.3096277,0.34880465,-0.5794823,0.14007823,0.16337633,False,False,3,10,False,8,8,0,-2.3441648472457914,-18.85174595749554,-2.3441648472457914,-18.85174595749554,0.0,False,False,nan,False
35,0.13461351,1.2960217,0.35775763,-0.6053299,0.14642833,0.12700191,False,False,3,10,False,8,8,0,-2.026861356450324,-20.878607313945867,-2.026861356450324,-20.878607313945867,0.0,False,False,nan,False
36,0.13831672,1.2818283,0.3655321,-0.6312924,0.15119925,0.09541832,False,False,3,10,True,9,9,0,-1.7681879397219393,-22.646795253667808,-1.7681879397219393,-22.646795253667808,0.0,False,False,nan,False
37,0.14192715,1.2670143,0.35390377,-0.65913993,0.15833956,0.1428058,False,False,1,10,False,9,9,0,-1.1767754029563935,-23.823570656624202,-1.1767754029563935,-23.823570656624202,0.0,False,False,nan,False
38,0.14545488,1.2515901,0.3435458,-0.6865313,0.16757125,0.18463352,False,False,1,10,False,9,9,0,-1.4157629052331504,-25.239333561857354,-1.4157629052331504,-25.239333561857354,0.0,False,False,nan,False
39,0.14890298,1.2355409,0.33353907,-0.7146085,0.17886768,0.22592878,False,False,1,10,False,9,9,0,-1.698811796637499,-26.938145358494854,-1.698811796637499,-26.938145358494854,0.0,False,False,nan,False
40,0.15225868,1.2188631,0.32194415,-0.74293715,0.19256069,0.27386034,False,False,1,10,False,9,9,0,-1.8926651401091295,-28.830810498603984,-1.8926651401091295,-28.830810498603984,0.0,False,False,nan,False
41,0.15553465,1.2015654,0.31194812,-0.7709025,0.20831203,0.31502685,False,False,1,10,True,10,10,0,-2.123783829828794,-30.95459432843278,-2.123783829828794,-30.95459432843278,0.0,False,False,nan,False
42,0.15864868,1.1844263,0.29605612,-0.76397693,0.22381467,0.3100528,False,False,2,10,False,10,10,0,1.0374421739383137,-29.917152154494467,1.0374421739383137,-29.917152154494467,0.0,False,False,nan,False
43,0.1617692,1.1675729,0.29613677,-0.75154126,0.23995318,0.32277042,False,False,2,10,False,10,10,0,0.8692795408638971,-29.04787261363057,0.8692795408638971,-29.04787261363057,0.0,False,False,nan,False
44,0.16469565,1.1509701,0.2770303,-0.74052656,0.2558431,0.3177987,False,False,2,10,False,10,10,0,1.4275583047272107,-27.62031430890336,1.4275583047272107,-27.62031430890336,0.0,False,False,nan,False
45,0.16759118,1.1345774,0.27353054,-0.7314499,0.27222738,0.32768545,False,False,2,10,False,10,10,0,0.6148738880918472,-27.005440420811514,0.6148738880918472,-27.005440420811514,0.0,False,False,nan,False
46,0.17036018,1.1187764,0.26053503,-0.7053989,0.28903645,0.33618164,False,False,2,10,True,11,11,0,2.435277733800274,-24.57016268701124,2.435277733800274,-24.57016268701124,0.0,False,False,nan,False
47,0.17285328,1.1031395,0.23355737,-0.6981878,0.30529362,0.32514325,False,False,2,10,False,11,11,0,1.15738230832265,-23.41278037868859,1.15738230832265,-23.41278037868859,0.0,False,False,nan,False
48,0.17531005,1.087685,0.2294604,-0.69036585,0.32211593,0.33644646,False,False,2,10,False,11,11,0,0.3771363237577077,-23.035644054930884,0.3771363237577077,-23.035644054930884,0.0,False,False,nan,False
49,0.1778059,1.0722958,0.23267297,-0.6878301,0.33975917,0.35286552,False,False,2,10,False,11,11,0,-0.44755704994081497,-23.4832011048717,-0.44755704994081497,-23.4832011048717,0.0,False,False,nan,False
50,0.18012229,1.0573217,0.21459596,-0.6696395,0.35766378,0.3580925,False,False,2,10,False,11,11,0,1.6411645635226193,-21.84203654134908,1.6411645635226193,-21.84203654134908,0.0,False,False,nan,False
51,0.18219861,1.0432069,0.19018868,-0.6317784,0.37610385,0.3688012,False,False,2,25,True,12,12,0,3.551625912524355,-18.290410628824727,3.551625912524355,-18.290410628824727,0.0,False,False,nan,False
52,0.18433228,1.0285301,0.19758217,-0.6565485,0.39290228,0.33596843,False,False,3,25,False,12,12,0,-2.8867777044714544,-21.177188333296183,-2.8867777044714544,-21.177188333296183,0.0,False,False,nan,False
53,0.1865346,1.0133016,0.20642748,-0.68071085,0.40770093,0.29597265,False,False,3,25,True,13,13,0,-2.6196828084590025,-23.796871141755187,-2.6196828084590025,-23.796871141755187,0.0,False,False,nan,False
54,0.1887949,0.99751854,0.21391308,-0.7050125,0.4207681,0.2613436,False,False,3,25,False,13,13,0,-2.369499854754905,-26.166370996510093,-2.369499854754905,-26.166370996510093,0.0,False,False,nan,False
55,0.19111547,0.98117584,0.22160497,-0.7295067,0.43209344,0.22650687,False,False,3,25,True,14,14,0,-2.1685712656658027,-28.334942262175897,-2.1685712656658027,-28.334942262175897,0.0,False,False,nan,False
56,0.19299516,0.9655984,0.17766395,-0.6955397,0.44333145,0.22476006,False,False,2,25,False,14,14,0,4.523196387495898,-23.81174587468,4.523196387495898,-23.81174587468,0.0,False,False,nan,False
57,0.19456892,0.94982,0.14780413,-0.70432574,0.45381895,0.20974979,False,False,2,25,True,15,15,0,-0.012994869840315448,-23.824740744520316,-0.012994869840315448,-23.824740744520316,0.0,False,False,nan,False
58,0.19620399,0.9334924,0.15567973,-0.72824425,0.46243322,0.17228547,False,False,3,25,False,15,15,0,-1.8290840603863205,-25.653824804906638,-1.8290840603863205,-25.653824804906638,0.0,False,False,nan,False
59,0.19790573,0.9166263,0.16427563,-0.75158745,0.4689461,0.13025819,False,False,3,25,True,16,16,0,-1.5303882635504056,-27.184213068457044,-1.5303882635504056,-27.184213068457044,0.0,False,False,nan,False
60,0.19929914,0.90018255,0.1333246,-0.73287654,0.4756126,0.1333303,False,False,2,25,False,16,16,0,3.0526090212839962,-24.13160404717305,3.0526090212839962,-24.13160404717305,0.0,False,False,nan,False
61,0.20028114,0.8843567,0.09218675,-0.70545596,0.48230782,0.13390449,False,False,2,25,True,17,17,0,3.8984841814921767,-20.233119865680873,3.8984841814921767,-20.233119865680873,0.0,False,False,nan,False
62,0.20134744,0.8679846,0.102803074,-0.728981,0.48656926,0.08522921,False,False,3,25,False,17,17,0,-1.3581746248276818,-21.591294490508556,-1.3581746248276818,-21.591294490508556,0.0,False,False,nan,False
63,0.20246649,0.85106367,0.10960289,-0.75285834,0.48913392,0.05129339,False,False,3,25,True,18,18,0,-1.1248584567980504,-22.716152947306608,-1.1248584567980504,-22.716152947306608,0.0,False,False,nan,False
64,0.20311423,0.83450377,0.06296109,-0.7366439,0.49116778,0.040677764,False,False,2,25,False,18,18,0,3.2379886787763725,-19.478164268530236,3.2379886787763725,-19.478164268530236,0.0,False,False,nan,False
65,0.20339327,0.8182117,0.026303232,-0.72466546,0.49296036,0.035851147,False,False,2,25,True,19,19,0,2.514830112090789,-16.963334156439448,2.514830112090789,-16.963334156439448,0.0,False,False,nan,False
66,0.20318727,0.8025238,-0.02200419,-0.69774187,0.49453455,0.031484425,False,False,2,25,False,19,19,0,3.774614547425114,-13.188719609014335,3.774614547425114,-13.188719609014335,0.0,False,False,nan,False
67,0.20264244,0.78772116,-0.056602962,-0.65866154,0.49690333,0.0473754,False,False,2,25,True,20,20,0,4.610846970011051,-8.577872639003285,4.610846970011051,-8.577872639003285,0.0,False,False,nan,False
68,0.20217085,0.7723825,-0.047220323,-0.6817366,0.4969734,0.0014010516,False,False,3,25,False,20,20,0,-0.7685453161348323,-9.346417955138117,-0.7685453161348323,-9.346417955138117,0.0,False,False,nan,False
69,0.20175906,0.75648296,-0.039692063,-0.706113,0.49530602,-0.033347886,False,False,3,25,True,21,21,0,-0.7013104416812144,-10.04772839681933,-0.7013104416812144,-10.04772839681933,0.0,False,False,nan,False
70,0.2010767,0.7406884,-0.06669213,-0.7014218,0.4935712,-0.034696717,False,False,2,25,False,21,21,0,1.680663126977845,-8.367065269841486,1.680663126977845,-8.367065269841486,0.0,False,False,nan,False
71,0.20000076,0.72505075,-0.10560324,-0.694297,0.49133924,-0.044638403,False,False,2,25,True,22,22,0,1.6902014061060242,-6.676863863735462,1.6902014061060242,-6.676863863735462,0.0,False,False,nan,False
72,0.19897775,0.70886564,-0.098769255,-0.7180819,0.48738664,-0.079051875,False,False,3,25,False,22,22,0,-0.30409314655110964,-6.980957010286572,-0.30409314655110964,-6.980957010286572,0.0,False,False,nan,False
73,0.19803639,0.69214183,-0.08838222,-0.7412676,0.48098037,-0.12812607,False,False,3,25,True,23,23,0,0.0777867833263042,-6.903170226960268,0.0777867833263042,-6.903170226960268,0.0,False,False,nan,False
74,0.19668207,0.676218,-0.12994716,-0.7058345,0.47487804,-0.12204637,False,False,2,25,False,23,23,0,4.759895417916863,-2.1432748090434046,4.759895417916863,-2.1432748090434046,0.0,False,False,nan,False
75,0.1951271,0.6605906,-0.15038024,-0.69281507,0.4692153,-0.11325483,False,False,2,25,True,24,24,0,2.6845508882313256,0.541276079187921,2.6845508882313256,0.541276079187921,0.0,False,False,nan,False
76,0.19295892,0.6455941,-0.21095249,-0.66453964,0.46274003,-0.12950566,False,False,2,25,False,24,24,0,3.0197242380297213,3.5610003172176423,3.0197242380297213,3.5610003172176423,0.0,False,False,nan,False
77,0.19053526,0.6306137,-0.23629808,-0.6638,0.45605507,-0.1336992,False,False,2,25,True,25,25,0,1.1343558903113944,4.695356207529037,1.1343558903113944,4.695356207529037,0.0,False,False,nan,False
78,0.18817882,0.61507314,-0.22780982,-0.6881512,0.44745895,-0.17192282,False,False,3,25,False,25,25,0,0.35755204229491366,5.05290824982395,0.35755204229491366,5.05290824982395,0.0,False,False,nan,False
79,0.18587494,0.59898037,-0.22100964,-0.71226597,0.43721753,-0.20482866,False,False,3,25,True,26,26,0,0.5111240841471851,5.564032333971135,0.5111240841471851,5.564032333971135,0.0,False,False,nan,False
80,0.18322726,0.58280253,-0.25463793,-0.7159013,0.42620793,-0.22019236,False,False,2,25,False,26,26,0,1.0168919847116171,6.580924318682753,1.0168919847116171,6.580924318682753,0.0,False,False,nan,False
81,0.18025771,0.5665537,-0.28613758,-0.7189444,0.41451776,-0.23380344,False,False,2,25,True,27,27,0,1.1123941918926732,7.693318510575426,1.1123941918926732,7.693318510575426,0.0,False,False,nan,False
82,0.17707138,0.55089355,-0.30828217,-0.693015,0.40338677,-0.22262017,False,False,2,25,False,27,27,0,3.932025802212377,11.625344312787803,3.932025802212377,11.625344312787803,0.0,False,False,nan,False
83,0.17382202,0.5353992,-0.31516197,-0.6858921,0.39291474,-0.20944068,False,False,2,25,True,28,28,0,2.6870959368480216,14.312440249635824,2.6870959368480216,14.312440249635824,0.0,False,False,nan,False
84,0.17064762,0.5193657,-0.30550396,-0.7093523,0.3801916,-0.25446302,False,False,3,25,False,28,28,0,1.1141534844847751,15.4265937341206,1.1141534844847751,15.4265937341206,0.0,False,False,nan,False
85,0.16754341,0.5027783,-0.29653445,-0.7335889,0.36545947,-0.2946424,False,False,3,25,True,29,29,0,1.224227334450178,16.650821068570778,1.224227334450178,16.650821068570778,0.0,False,False,nan,False
86,0.16406822,0.4866179,-0.33309785,-0.7146406,0.3502576,-0.30403656,False,False,2,25,False,29,29,0,3.1426811876485887,19.793502256219366,3.1426811876485887,19.793502256219366,0.0,False,False,nan,False
87,0.16049032,0.47089505,-0.34392124,-0.69547886,0.33570796,-0.2909927,False,False,2,25,True,30,30,0,4.017745662318885,23.81124791853825,4.017745662318885,23.81124791853825,0.0,False,False,nan,False
88,0.15696946,0.45461306,-0.33656284,-0.7201183,0.31951424,-0.32387438,False,False,3,25,False,30,30,0,1.341950943285043,25.15319886182329,1.341950943285043,25.15319886182329,0.0,False,False,nan,False
89,0.15350695,0.43775928,-0.32908982,-0.74537766,0.30173263,-0.35563248,False,False,3,25,True,31,31,0,1.4630718640960663,26.616270725919357,1.4630718640960663,26.616270725919357,0.0,False,False,nan,False
90,0.14994106,0.4210197,-0.33953792,-0.7405424,0.28414914,-0.35167038,False,False,2,25,False,31,31,0,3.167675350072881,29.783946075992237,3.167675350072881,29.783946075992237,0.0,False,False,nan,False
91,0.14622879,0.40499067,-0.3545553,-0.709245,0.26705003,-0.3419821,False,False,2,25,True,32,32,0,5.218158093173355,35.00210416916559,5.218158093173355,35.00210416916559,0.0,False,False,nan,False
92,0.14249173,0.38902804,-0.35738707,-0.7065628,0.25038284,-0.33334392,False,False,2,25,False,32,32,0,3.1070043539375662,38.10910852310316,3.1070043539375662,38.10910852310316,0.0,False,False,nan,False
93,0.13873501,0.37347108,-0.35994425,-0.68881917,0.2343973,-0.31971076,False,False,2,25,True,33,33,0,4.349238546829992,42.458347069933154,4.349238546829992,42.458347069933154,0.0,False,False,nan,False
94,0.13480644,0.35880104,-0.3773782,-0.6496101,0.21870367,-0.31387272,False,False,2,25,False,33,33,0,5.373502038994656,47.83184910892781,5.373502038994656,47.83184910892781,0.0,False,False,nan,False
95,0.13060665,0.34420383,-0.40365738,-0.64643216,0.2022371,-0.3293314,False,False,2,25,True,34,34,0,1.7765499956076496,49.608399104535465,1.7765499956076496,49.608399104535465,0.0,False,False,nan,False
96,0.1263463,0.32989177,-0.40993428,-0.6339747,0.18604498,-0.3238427,False,False,2,25,False,34,34,0,3.5230869266971014,53.13148603123257,3.5230869266971014,53.13148603123257,0.0,False,False,nan,False
97,0.12185955,0.31650296,-0.43237582,-0.5930923,0.1696932,-0.32703552,False,False,2,25,True,35,35,0,4.845581424937518,57.97706745617009,4.845581424937518,57.97706745617009,0.0,False,False,nan,False
98,0.11737232,0.3025177,-0.43236995,-0.61978096,0.15334174,-0.3270295,False,False,0,25,False,35,35,0,0.928763891664147,58.90583134783424,0.928763891664147,58.90583134783424,0.0,False,False,nan,False
99,0.112884805,0.287936,-0.43236455,-0.64646983,0.13699059,-0.32702345,False,False,0,25,True,36,36,0,0.9531045286215942,59.85893587645583,0.9531045286215942,59.85893587645583,0.0,False,False,nan,False
100,0.108364865,0.2739929,-0.43594536,-0.6182954,0.12101343,-0.31954318,False,False,2,25,False,36,36,0,4.880582164256691,64.73951804071253,4.880582164256691,64.73951804071253,0.0,False,False,nan,False
101,0.10362892,0.26044515,-0.45688963,-0.6008533,0.10441572,-0.33195415,False,False,2,25,True,37,37,0,2.9634003290642825,67.70291836977681,2.9634003290642825,67.70291836977681,0.0,False,False,nan,False
102,0.09891729,0.24774285,-0.45500875,-0.5634957,0.08839566,-0.3204013,False,False,2,25,False,37,37,0,5.713173297623482,73.4160916674003,5.713173297623482,73.4160916674003,0.0,False,False,nan,False
103,0.094036385,0.23513104,-0.47132006,-0.5596196,0.07178405,-0.33223224,False,False,2,25,True,38,38,0,1.974617599086838,75.39070926648714,1.974617599086838,75.39070926648714,0.0,False,False,nan,False
104,0.08913107,0.22302677,-0.4738733,-0.5372483,0.05530577,-0.32956558,False,False,2,25,False,38,38,0,4.181804169759443,79.57251343624658,4.181804169759443,79.57251343624658,0.0,False,False,nan,False
105,0.08421926,0.2118637,-0.47473568,-0.4956087,0.03906167,-0.32488245,False,False,2,25,True,39,39,0,5.55105632613066,85.12356976237724,5.55105632613066,85.12356976237724,0.0,False,False,nan,False
106,0.079114534,0.20143105,-0.4932906,-0.46331313,0.022086376,-0.3395057,False,False,2,25,False,39,39,0,3.509666281273806,88.63323604365105,3.509666281273806,88.63323604365105,0.0,False,False,nan,False
107,0.073834516,0.19140938,-0.5100519,-0.44523567,0.004370691,-0.35431367,False,False,2,25,True,40,40,0,2.567975493799975,91.20121153745103,2.567975493799975,91.20121153745103,0.0,False,False,nan,False
108,0.06851272,0.18143521,-0.5140495,-0.44334218,-0.01352919,-0.3579977,False,False,2,25,False,40,40,0,-0.27207595290527137,90.92913558454576,-0.27207595290527137,90.92913558454576,0.0,False,False,nan,False
109,0.06314163,0.1718138,-0.51871455,-0.42788297,-0.031696014,-0.3633366,False,False,2,25,True,41,41,0,-0.3873627939745063,90.54177279057126,-0.3873627939745063,90.54177279057126,0.0,False,False,nan,False
110,0.05789118,0.16269423,-0.5071046,-0.40579188,-0.049411174,-0.35430324,False,False,2,25,False,41,41,0,1.2588207768498847,91.80059356742115,1.2588207768498847,91.80059356742115,0.0,False,False,nan,False
111,0.052746393,0.15435492,-0.49684113,-0.37131006,-0.066847615,-0.348729,False,False,2,25,True,42,42,0,1.8350630094550098,93.63565657687616,1.8350630094550098,93.63565657687616,0.0,False,False,nan,False
112,0.04751148,0.14673443,-0.5051919,-0.3396075,-0.08497117,-0.3624711,False,False,2,25,False,42,42,0,-0.07099106269449179,93.56466551418167,-0.07099106269449179,93.56466551418167,0.0,False,False,nan,False
113,0.042384528,0.13993908,-0.49453267,-0.30314866,-0.10296813,-0.3599394,False,False,2,25,True,43,43,0,1.5697559883279524,95.13442150250962,1.5697559883279524,95.13442150250962,0.0,False,False,nan,False
114,0.03729973,0.1340345,-0.49008673,-0.26379728,-0.12124326,-0.36550233,False,False,2,25,False,43,43,0,0.9293806917740397,96.06380219428367,0.9293806917740397,96.06380219428367,0.0,False,False,nan,False
115,0.032215405,0.1283955,-0.48976094,-0.2522425,-0.13983831,-0.3719011,False,False,2,25,True,44,44,0,-0.9170355319970327,95.14676666228664,-0.9170355319970327,95.14676666228664,0.0,False,False,nan,False
116,0.027236557,0.12363969,-0.4791015,-0.21323897,-0.15858619,-0.37495726,False,False,2,25,False,44,44,0,1.0511358031122853,96.19790246539893,1.0511358031122853,96.19790246539893,0.0,False,False,nan,False
117,0.022481823,0.119671375,-0.4570931,-0.17843309,-0.17698492,-0.36797455,False,False,2,25,True,45,45,0,1.716797865809906,97.91470033120883,1.716797865809906,97.91470033120883,0.0,False,False,nan,False
118,0.017660905,0.11512586,-0.46548373,-0.20409015,-0.1936615,-0.3335318,False,False,1,25,False,45,45,0,-2.9258319271788893,94.98886840402994,-2.9258319271788893,94.98886840402994,0.0,False,False,nan,False
119,0.012772942,0.10999519,-0.47393957,-0.23003934,-0.2086236,-0.2992421,False,False,1,25,True,46,46,0,-2.8081773392327407,92.1806910647972,-2.8081773392327407,92.1806910647972,0.0,False,False,nan,False
120,0.008085251,0.105514176,-0.45406166,-0.20129986,-0.22347638,-0.2970559,False,False,2,25,False,46,46,0,1.7193049646768201,93.89999602947402,1.7193049646768201,93.89999602947402,0.0,False,False,nan,False
121,0.0035015107,0.101570755,-0.44340754,-0.17759854,-0.23863669,-0.30320686,False,False,2,25,True,47,47,0,0.5062654353963125,94.40626146487034,0.5062654353963125,94.40626146487034,0.0,False,False,nan,False
122,-0.0011749268,0.097075805,-0.45521283,-0.20184667,-0.251283,-0.25292626,False,False,1,25,False,47,47,0,-2.8702697580745267,91.53599170679581,-2.8702697580745267,91.53599170679581,0.0,False,False,nan,False
123,-0.005921936,0.091998346,-0.46409073,-0.22751914,-0.26211366,-0.21661308,False,False,1,25,True,48,48,0,-2.5140752775158846,89.02191642927993,-2.5140752775158846,89.02191642927993,0.0,False,False,nan,False
124,-0.010317802,0.08758587,-0.42954078,-0.19793963,-0.27238506,-0.20542829,False,False,2,25,False,48,48,0,3.4632840391596433,92.48520046843957,3.4632840391596433,92.48520046843957,0.0,False,False,nan,False
125,-0.014329528,0.08375975,-0.3918755,-0.17181168,-0.2819292,-0.19088288,False,False,2,25,True,49,49,0,3.5739492229375687,96.05914969137714,3.5739492229375687,96.05914969137714,0.0,False,False,nan,False
126,-0.018432235,0.079377376,-0.40339202,-0.19612023,-0.28900987,-0.14161356,False,False,1,25,False,49,49,0,-2.454842794598149,93.604306896779,-2.454842794598149,93.604306896779,0.0,False,False,nan,False
127,-0.02260437,0.07442537,-0.41213933,-0.22110434,-0.29423016,-0.10440563,False,False,1,25,True,50,50,0,-2.097596945971303,91.50670995080769,-2.097596945971303,91.50670995080769,0.0,False,False,nan,False
128,-0.02667141,0.06978658,-0.40130678,-0.20726724,-0.2998019,-0.11143426,False,False,2,25,False,50,50,0,1.053266441404628,92.55997639221232,1.053266441404628,92.55997639221232,0.0,False,False,nan,False
129,-0.030491542,0.065517575,-0.37683758,-0.19081086,-0.30516562,-0.107274756,False,False,2,25,True,51,51,0,2.3359262090824986,94.89590260129482,2.3359262090824986,94.89590260129482,0.0,False,False,nan,False
130,-0.034006596,0.062141355,-0.34628627,-0.1511609,-0.3105648,-0.107983455,False,False,2,25,False,51,51,0,3.7579849635868614,98.65388756488169,3.7579849635868614,98.65388756488169,0.0,False,False,nan,False
131,-0.037212085,0.058781084,-0.31609172,-0.15030609,-0.31518063,-0.0923167,False,False,2,25,True,52,52,0,2.148472514207268,100.80236007908896,2.148472514207268,100.80236007908896,0.0,False,False,nan,False
132,-0.04047718,0.054843675,-0.32360336,-0.17563275,-0.31820947,-0.06057594,False,False,1,25,False,52,52,0,-2.01067702091042,98.79168305817853,-2.01067702091042,98.79168305817853,0.0,False,False,nan,False
133,-0.043832492,0.050341353,-0.33492512,-0.20023629,-0.3188411,-0.012632774,False,False,1,25,True,53,53,0,-2.154241940826124,96.63744111735241,-2.154241940826124,96.63744111735241,0.0,False,False,nan,False
134,-0.047187805,0.045239005,-0.33492512,-0.226903,-0.31947273,-0.0126327295,False,False,0,25,False,53,53,0,-1.3583745305799368,95.27906658677247,-1.3583745305799368,95.27906658677247,0.0,False,False,nan,False
135,-0.05054302,0.03953677,-0.33492512,-0.25356972,-0.32010436,-0.01263272,False,False,0,25,True,54,54,0,-1.4968528921278903,93.78221369464458,-1.4968528921278903,93.78221369464458,0.0,False,False,nan,False
136,-0.053643037,0.03377696,-0.30996692,-0.25599664,-0.32014126,-0.000737758,False,False,2,25,False,54,54,0,1.5815582061173188,95.3637719007619,1.5815582061173188,95.3637719007619,0.0,False,False,nan,False
137,-0.056613922,0.02931684,-0.31376442,-0.19464606,-0.30285946,0.34561592,True,False,2,25,True,55,55,0,14.669498319783283,110.03327022054519,14.669498319783283,110.03327022054519,0.0,False,False,0.19464606,True
138,-0.05916653,0.026049338,-0.29042727,-0.13834499,-0.26658955,0.72551626,True,False,2,25,False,55,55,0,7.991864848681542,118.02513506922674,7.991864848681542,118.02513506922674,0.0,False,False,nan,True
139,-0.061516188,0.023605952,-0.28316933,-0.100616,-0.21742502,0.9834641,True,False,2,25,True,56,55,1,6.610252372302075,124.6353874415288,6.610252372302075,124.6353874415288,0.0,False,False,nan,True
140,-0.063597776,0.021847496,-0.25822026,-0.07160839,-0.16692485,1.0101744,True,False,2,25,False,56,55,1,7.869258549092888,132.5046459906217,7.869258549092888,132.5046459906217,0.0,False,False,nan,True
141,-0.06562052,0.020985542,-0.25031582,-0.03361725,-0.118989654,0.95870495,True,False,2,25,True,57,55,2,5.868877821791902,138.3735238124136,5.868877821791902,138.3735238124136,0.0,False,False,nan,True
142,-0.067559436,0.019541798,-0.24012578,-0.061121747,-0.07312605,0.91727513,False,False,3,25,False,57,55,2,-5.10904466495112,133.26447914746248,-5.10904466495112,133.26447914746248,0.0,False,False,nan,True
143,-0.069431305,0.017505893,-0.2318798,-0.08889136,-0.02894732,0.88357735,False,False,3,1,True,58,55,3,4.205184684924441,137.4696638323869,4.205184684924441,137.4696638323869,0.0,False,False,nan,True
144,-0.07120667,0.014887486,-0.2198396,-0.11608284,0.012808446,0.8351177,False,False,3,1,False,58,55,3,1.4425591674485443,138.91222299983545,1.4425591674485443,138.91222299983545,0.0,False,False,nan,True
145,-0.07289152,0.011691723,-0.2084401,-0.14284585,0.05227569,0.7893468,False,False,3,1,False,58,55,3,-4.492865237272013,134.41935776256344,-4.492865237272013,134.41935776256344,0.0,False,False,nan,True
146,-0.07449846,0.007925723,-0.19857621,-0.16912003,0.089756675,0.7496214,False,True,3,1,False,58,55,3,5.297985989506636,139.71734375207006,5.297985989506636,139.71734375207006,0.0,False,False,nan,True
147,-0.076091096,0.004330132,-0.17720388,-0.16118343,0.10686316,0.34121346,False,True,3,1,False,58,55,3,0.25876680440452415,139.9761105564746,0.25876680440452415,139.9761105564746,0.0,False,False,nan,True
148,-0.077732086,0.0008130765,-0.16051109,-0.15605351,0.10332721,-0.07068292,False,True,3,1,False,58,55,3,1.7390634082754215,141.71517396475002,1.7390634082754215,141.71517396475002,0.0,False,False,nan,True
149,-0.079418465,-0.0026420737,-0.14439723,-0.15206389,0.07930263,-0.48049393,False,True,3,1,False,58,55,3,3.6165923950703074,145.33176635982034,3.6165923950703074,145.33176635982034,0.0,False,False,nan,True
150,-0.08113041,-0.0061439658,-0.12978558,-0.15396696,0.038300768,-0.8200963,True,True,3,1,False,58,55,3,14.713068704367119,160.04483506418745,14.713068704367119,160.04483506418745,0.0,False,False,nan,True
151,-0.0826477,-0.009305754,-0.115314886,-0.14019385,0.0034723682,-0.69515646,True,True,3,1,False,58,55,3,5.25653746245773,165.3013725266452,5.25653746245773,165.3013725266452,0.0,False,False,nan,True
152,-0.083928965,-0.012170711,-0.09954827,-0.12752528,-0.02471875,-0.56379974,True,True,3,1,False,58,55,3,-0.3436194668221535,164.95775305982303,-0.3436194668221535,164.95775305982303,0.0,False,False,nan,True
153,-0.0849721,-0.014720168,-0.08069288,-0.11387331,-0.048044592,-0.46650386,True,True,3,1,False,58,55,3,-0.28426619587627644,164.67348686394675,-0.28426619587627644,164.67348686394675,0.0,False,False,nan,True
154,-0.08581066,-0.01692312,-0.06370502,-0.09868494,-0.067967035,-0.3984369,True,True,3,1,False,58,55,3,0.06562292370063119,164.73910978764738,0.06562292370063119,164.73910978764738,0.0,False,False,nan,True
155,-0.08647194,-0.018756822,-0.048007257,-0.082426935,-0.08589451,-0.35853454,True,True,3,1,False,58,55,3,0.28258572243345736,165.02169551008083,0.28258572243345736,165.02169551008083,0.0,False,False,nan,True
156,-0.08699093,-0.020203069,-0.036027506,-0.06526924,-0.10161218,-0.31434792,True,True,3,1,False,58,55,3,0.399481802757806,165.42117731283864,0.399481802757806,165.42117731283864,0.0,False,False,nan,True
157,-0.087367915,-0.021278992,-0.023890445,-0.04882184,-0.11533311,-0.2744133,True,True,3,1,False,58,55,3,0.5561961704369598,165.97737348327558,0.5561961704369598,165.97737348327558,0.0,False,False,nan,True
158,-0.08760242,-0.021983268,-0.011685377,-0.032256942,-0.12703389,-0.2340064,True,True,3,1,False,58,55,3,0.7647947325823747,166.74216821585796,0.7647947325823747,166.74216821585796,0.0,False,False,nan,True
159,-0.087693974,-0.022333028,0.0008426098,-0.01643188,-0.13697262,-0.19875549,True,True,3,1,False,58,55,3,0.7441597318831417,167.4863279477411,0.7441597318831417,167.4863279477411,0.0,False,False,nan,True
160,-0.08768072,-0.022330955,0.008906689,-0.0006207868,-0.1445122,-0.15077631,True,True,3,1,False,58,55,3,-0.03010548141068156,167.45622246633042,-0.03010548141068156,167.45622246633042,0.0,False,False,nan,True
161,-0.08761301,-0.022054043,0.0120793795,0.011784851,-0.14981908,-0.10614698,True,True,3,1,False,58,55,3,-1.3420808292094673,166.11414163712095,-1.3420808292094673,166.11414163712095,0.0,False,False,nan,True
162,-0.08745889,-0.021513239,0.017791148,0.023796488,-0.15221435,-0.04791768,True,True,3,1,False,58,55,3,-1.5251190420415692,164.58902259507937,-1.5251190420415692,164.58902259507937,0.0,False,False,nan,True
163,-0.087202355,-0.02087412,0.021270566,0.028844114,-0.14782281,0.08785121,True,True,3,1,False,58,55,3,-0.16353280521099364,164.42548978986838,-0.16353280521099364,164.42548978986838,0.0,False,False,nan,True
164,-0.08690357,-0.02012092,0.024624083,0.03398826,-0.14258903,0.10466902,True,True,3,1,False,58,55,3,-0.07347502300625194,164.35201476686214,-0.07347502300625194,164.35201476686214,0.0,False,False,nan,True
165,-0.0865901,-0.019351056,0.025960997,0.034723707,-0.13722558,0.10726158,True,True,3,1,False,58,55,3,0.41550757074218336,164.76752233760433,0.41550757074218336,164.76752233760433,0.0,False,False,nan,True
166,-0.08623047,-0.018646635,0.030994937,0.031756427,-0.13229197,0.098666124,True,True,3,1,False,58,55,3,0.4116544522397174,165.17917678984406,0.4116544522397174,165.17917678984406,0.0,False,False,nan,True
167,-0.08581762,-0.018054655,0.037086718,0.02667855,-0.12811229,0.083590135,True,True,3,1,False,58,55,3,0.3096579034004574,165.4888346932445,0.3096579034004574,165.4888346932445,0.0,False,False,nan,True
168,-0.08534765,-0.01760576,0.043769322,0.020223556,-0.12490246,0.064196154,True,True,3,1,False,58,55,3,0.09314093690886097,165.58197563015338,0.09314093690886097,165.58197563015338,0.0,False,False,nan,True
169,-0.08485565,-0.017259361,0.046671644,0.015605574,-0.12238957,0.050259482,True,True,3,1,False,58,55,3,0.1768465725621067,165.7588222027155,0.1768465725621067,165.7588222027155,0.0,False,False,nan,True
170,-0.08432245,-0.01698592,0.05128803,0.012316971,-0.120374635,0.040302344,True,True,3,1,False,58,55,3,-0.12429486303423218,165.63452733968126,-0.12429486303423218,165.63452733968126,0.0,False,False,nan,True
171,-0.0837451,-0.01673583,0.055877674,0.011264125,-0.118518226,0.03713235,True,True,3,1,False,58,55,3,-0.20837501294312474,165.42615232673813,-0.20837501294312474,165.42615232673813,0.0,False,False,nan,True
172,-0.083143234,-0.016446687,0.05804218,0.013020006,-0.11639131,0.042541515,True,True,3,1,False,58,55,3,-0.0009258490672496567,165.4252264776709,-0.0009258490672496567,165.4252264776709,0.0,False,False,nan,True
173,-0.08250866,-0.016119244,0.06105297,0.014739085,-0.113998435,0.047859702,True,True,3,1,False,58,55,3,-0.05436213844000434,165.37086433923088,-0.05436213844000434,165.37086433923088,0.0,False,False,nan,True
174,-0.08181696,-0.015738942,0.06638832,0.017112238,-0.111237995,0.055209506,True,True,3,1,False,58,55,3,-0.2539502837599723,165.11691405547091,-0.2539502837599723,165.11691405547091,0.0,False,False,nan,True
175,-0.08107853,-0.015307679,0.0707008,0.019397609,-0.10812154,0.062329132,True,True,3,1,False,58,55,3,-0.11326600701100872,165.0036480484599,-0.11326600701100872,165.0036480484599,0.0,False,False,nan,True
176,-0.080282785,-0.0148515245,0.076258175,0.02050991,-0.1048275,0.06587938,True,True,3,1,False,58,55,3,-0.17945835911234795,164.82418968934755,-0.17945835911234795,164.82418968934755,0.0,False,False,nan,True
177,-0.079437256,-0.014376666,0.08109777,0.021342695,-0.10139787,0.06859101,True,True,3,1,False,58,55,3,-0.08442073180081408,164.73976895754674,-0.08442073180081408,164.73976895754674,0.0,False,False,nan,True
178,-0.078566074,-0.013894978,0.08361103,0.02164257,-0.097914144,0.06967294,True,True,3,1,False,58,55,3,0.1618600330277016,164.90162899057444,0.1618600330277016,164.90162899057444,0.0,False,False,nan,True
179,-0.077676296,-0.013415506,0.085471176,0.021535486,-0.094439015,0.06950069,True,True,3,1,False,58,55,3,0.23583698518406607,165.13746597575852,0.23583698518406607,165.13746597575852,0.0,False,False,nan,True
180,-0.07676478,-0.012961998,0.087823525,0.020361925,-0.09113847,0.06600995,True,True,3,1,False,58,55,3,0.1964809512112329,165.33394692696976,0.1964809512112329,165.33394692696976,0.0,False,False,nan,True
181,-0.07581206,-0.012540641,0.092166826,0.018912958,-0.08805665,0.061635923,True,True,3,1,False,58,55,3,-0.014325610903507452,165.31962131606625,-0.014325610903507452,165.31962131606625,0.0,False,False,nan,True
182,-0.074802496,-0.012155797,0.09809781,0.017269306,-0.08522546,0.056624226,True,True,3,1,False,58,55,3,-0.19292417286473082,165.1266971432015,-0.19292417286473082,165.1266971432015,0.0,False,False,nan,True
183,-0.07373905,-0.011799314,0.1036813,0.015992805,-0.08258895,0.05273167,True,True,3,1,False,58,55,3,-0.18580777846704663,164.94088936473446,-0.18580777846704663,164.94088936473446,0.0,False,False,nan,True
184,-0.07264443,-0.011431995,0.10672708,0.016472343,-0.079872616,0.054327767,True,True,3,1,False,58,55,3,0.04717250788444119,164.9880618726189,0.04717250788444119,164.9880618726189,0.0,False,False,nan,True
185,-0.071513556,-0.01105627,0.1102726,0.016846012,-0.077092625,0.05560065,True,True,3,1,False,58,55,3,0.009409130707078078,164.99747100332598,0.009409130707078078,164.99747100332598,0.0,False,False,nan,True
186,-0.0703475,-0.010665884,0.11369194,0.017498294,-0.07420466,0.057759386,True,True,3,1,False,58,55,3,0.03209738342176152,165.02956838674774,0.03209738342176152,165.02956838674774,0.0,False,False,nan,True
187,-0.069122694,-0.010267022,0.11950477,0.017872425,-0.071251966,0.059053868,True,True,3,1,False,58,55,3,-0.18800623045891982,164.84156215628883,-0.18800623045891982,164.84156215628883,0.0,False,False,nan,True
188,-0.067872904,-0.009853747,0.12188057,0.018512677,-0.06819198,0.061199415,True,True,3,1,False,58,55,3,0.16118768286006827,165.0027498391489,0.16118768286006827,165.0027498391489,0.0,False,False,nan,True
189,-0.066568375,-0.009433856,0.12730587,0.018801983,-0.06507964,0.06224657,True,True,3,1,False,58,55,3,-0.12450247063984562,164.87824736850905,-0.12450247063984562,164.87824736850905,0.0,False,False,nan,True
190,-0.06520376,-0.009009316,0.13327663,0.01900392,-0.061928414,0.063023925,True,True,3,1,False,58,55,3,-0.16763687012665926,164.71061049838238,-0.16763687012665926,164.71061049838238,0.0,False,False,nan,True
191,-0.06381035,-0.008588638,0.13618246,0.01882413,-0.05879887,0.06259058,True,True,3,1,False,58,55,3,0.14144245164805128,164.85205295003044,0.14144245164805128,164.85205295003044,0.0,False,False,nan,True
192,-0.062374305,-0.008179691,0.14051068,0.018293727,-0.055747133,0.061034333,True,True,3,1,False,58,55,3,0.000988603089838308,164.85304155312028,0.000988603089838308,164.85304155312028,0.0,False,False,nan,True
193,-0.060893822,-0.0077811503,0.14502667,0.017822297,-0.052764297,0.059656657,True,True,3,1,True,59,55,4,-0.021887375806044246,164.83115417731423,-0.021887375806044246,164.83115417731423,0.0,False,False,nan,True
194,-0.05947075,-0.00734395,0.13900518,0.019543508,-0.049498815,0.06530883,True,True,0,1,False,59,55,4,1.0477288258739428,165.87888300318818,1.0477288258739428,165.87888300318818,0.0,False,False,nan,True
195,-0.058104612,-0.0068862224,0.13315499,0.020452732,-0.04607924,0.06838976,True,True,0,1,False,59,55,4,1.0486524603967808,166.92753546358495,1.0486524603967808,166.92753546358495,0.0,False,False,nan,True
196,-0.05679493,-0.0064269565,0.12748402,0.020514565,-0.04264111,0.06876097,True,True,0,1,False,59,55,4,1.0384510552935318,167.96598651887848,1.0384510552935318,167.96598651887848,0.0,False,False,nan,True
197,-0.055541515,-0.005981209,0.12195573,0.01990254,-0.039293274,0.06695534,True,True,0,1,False,59,55,4,1.0197616369705926,168.98574815584908,1.0197616369705926,168.98574815584908,0.0,False,False,nan,True
198,-0.05434408,-0.005557563,0.11650821,0.018910166,-0.03609814,0.06390189,True,True,0,1,False,59,55,4,0.9966444773269423,169.98239263317603,0.9966444773269423,169.98239263317603,0.0,False,False,nan,True
199,-0.05320263,-0.0051574493,0.11107461,0.017853431,-0.033067327,0.060616106,True,True,0,1,False,59,55,4,0.9738883461399901,170.95628097931603,0.9738883461399901,170.95628097931603,0.0,False,False,nan,True
200,-0.05211725,-0.0047765397,0.1056004,0.016989997,-0.030170482,0.057937123,True,True,0,1,False,59,55,4,0.9555051758657598,171.9117861551818,0.9555051758657598,171.9117861551818,0.0,False,False,nan,True
201,-0.051088236,-0.004407182,0.10005356,0.016471034,-0.02735222,0.0563658,True,True,0,1,False,59,55,4,0.9434143206841696,172.85520047586596,0.9434143206841696,172.85520047586596,0.0,False,False,nan,True
202,-0.050115682,-0.0040408634,0.09442688,0.016329613,-0.024551205,0.056020994,True,True,0,1,False,59,55,4,0.937246840158366,173.79244731602432,0.937246840158366,173.79244731602432,0.0,False,False,nan,True
203,-0.049199678,-0.003670647,0.08873416,0.01650015,-0.021716295,0.05669872,True,True,0,1,False,59,55,4,0.9350044626664058,174.72745177869072,0.9350044626664058,174.72745177869072,0.0,False,False,nan,True
204,-0.04834032,-0.0032922411,0.08300176,0.016857347,-0.018816521,0.057995856,True,True,0,1,False,59,55,4,0.9342814250373017,175.66173320372803,0.9342814250373017,175.66173320372803,0.0,False,False,nan,True
205,-0.047537614,-0.002904644,0.07725948,0.017260173,-0.015843865,0.05945316,True,True,0,1,False,59,55,4,0.9330971150671079,176.59483031879515,0.9330971150671079,176.59483031879515,0.0,False,False,nan,True
206,-0.046791553,-0.0025095367,0.071532615,0.017589958,-0.012809861,0.0606799,True,True,0,1,False,59,55,4,0.9301916389471234,177.52502195774227,0.9301916389471234,177.52502195774227,0.0,False,False,nan,True
207,-0.046102047,-0.0021101737,0.06583649,0.017773805,-0.009738225,0.06143235,True,True,0,1,False,59,55,4,0.9250206565856125,178.45004261432788,0.9250206565856125,178.45004261432788,0.0,False,False,nan,True
208,-0.045469094,-0.0017102384,0.06017553,0.017791675,-0.006656244,0.061639406,True,True,0,1,False,59,55,4,0.9173930907802017,179.36743570510808,0.9173930907802017,179.36743570510808,0.0,False,False,nan,True
209,-0.044892598,-0.0013129138,0.054544427,0.017668849,-0.0035872504,0.061379604,True,True,0,1,False,59,55,4,0.9074223764426463,180.27485808155072,0.9074223764426463,180.27485808155072,0.0,False,False,nan,True
210,-0.04437246,-0.00092020276,0.048931766,0.017458996,-0.00054586085,0.060827456,True,True,0,1,False,59,55,4,0.8952813220111224,181.17013940356185,0.8952813220111224,181.17013940356185,0.0,False,False,nan,True
211,-0.043903064,-0.0009175563,0.046938565,0.000116559946,-0.0005444183,2.819025e-05,True,True,0,1,False,59,55,4,0.5485276686338523,181.7186670721957,0.5485276686338523,181.7186670721957,0.0,False,False,nan,True
212,-0.043489743,-0.00092020276,0.04133233,-0.00011636632,-0.00054586877,-2.8145569e-05,True,True,0,1,False,59,55,4,0.601793996204254,182.32046106839996,0.601793996204254,182.32046106839996,0.0,False,False,nan,True
213,-0.04313326,-0.00092027424,0.035651054,-2.374167e-06,-0.0005459005,-5.743001e-07,True,True,0,1,False,59,55,4,0.6037809828271588,182.9242420512271,0.6037809828271588,182.9242420512271,0.0,False,False,nan,True
214,-0.04283333,-0.00092027424,0.02999353,7.5465397e-07,-0.00054589997,1.6216654e-07,True,True,0,1,False,59,55,4,0.5957386316601827,183.5199806828873,0.5957386316601827,183.5199806828873,0.0,False,False,nan,True
215,-0.04258995,-0.00092027424,0.024336798,4.1868915e-08,-0.0005458975,5.1801813e-08,True,True,0,1,False,59,55,4,0.5900056284974777,184.10998631138477,0.5900056284974777,184.10998631138477,0.0,False,False,nan,True
216,-0.042403124,-0.00092027424,0.018679991,-3.9905014e-08,-0.0005458928,-5.104402e-08,True,True,0,1,False,59,55,4,0.5843592847366743,184.69434559612145,0.5843592847366743,184.69434559612145,0.0,False,False,nan,True
217,-0.042272855,-0.00092027424,0.013023155,-4.1025885e-08,-0.0005459031,-5.4690265e-08,True,True,0,1,False,59,55,4,0.5787067771834415,185.2730523733049,0.5787067771834415,185.2730523733049,0.0,False,False,nan,True
218,-0.04219923,-0.00092027424,0.007366301,-4.0003332e-08,-0.0005458986,-5.7245472e-08,True,True,0,1,False,59,55,4,0.5730463987051646,185.84609877201007,0.5730463987051646,185.84609877201007,0.0,False,False,nan,True
219,-0.04218216,-0.00092027424,0.0017094461,-3.6834614e-08,-0.0005459086,-4.827381e-08,True,True,0,1,False,59,55,4,0.567391175158992,186.41348994716907,0.567391175158992,186.41348994716907,0.0,False,False,nan,True
220,-0.042194843,-0.00092027424,-0.0012858072,-1.0642066e-06,-0.00052657543,0.00037584326,True,True,0,1,False,59,55,4,0.043029075401564754,186.45651902257063,0.043029075401564754,186.45651902257063,0.0,False,False,nan,True
221,-0.042208575,-0.00092027424,-0.0013929183,-1.1693181e-06,-0.0005056416,0.00040718136,True,True,0,1,False,59,55,4,-0.0099906930154674,186.44652832955518,-0.0099906930154674,186.44652832955518,0.0,False,False,nan,True
222,-0.042213343,-0.00092027424,-0.00048771076,-4.12802e-07,-0.0004983115,0.00014254858,True,True,0,1,False,59,55,4,0.0907770724312158,186.5373054019864,0.0907770724312158,186.5373054019864,0.0,False,False,nan,True
223,-0.04221201,-0.00092027424,0.00013572417,1.2373826e-07,-0.0005003576,-3.9700597e-05,True,True,0,1,False,59,55,4,0.03512754211746483,186.57243294410387,0.03512754211746483,186.57243294410387,0.0,False,False,nan,True
224,-0.042209625,-0.00092027424,0.00024681192,2.1174843e-07,-0.0005040636,-7.214413e-05,True,True,0,1,False,59,55,4,-0.01124101762292895,186.56119192648094,-0.01124101762292895,186.56119192648094,0.0,False,False,nan,True
225,-0.04220848,-0.00092027424,0.000116365016,9.9333725e-08,-0.000505802,-3.402406e-05,True,True,0,1,False,59,55,4,0.012985270940671256,186.57417719742162,0.012985270940671256,186.57417719742162,0.0,False,False,nan,True
226,-0.04220848,-0.00092027424,-4.5786865e-06,-3.1998022e-09,-0.0005057319,1.3670433e-06,True,True,0,1,False,59,55,4,0.011185645579395498,186.585362843001,0.011185645579395498,186.585362843001,0.0,False,False,nan,True
227,-0.04220886,-0.00092027424,-4.080891e-05,-3.363422e-08,-0.000505119,1.1931994e-05,True,True,0,1,False,59,55,4,-0.0035998689739891176,186.58176297402701,-0.0035998689739891176,186.58176297402701,0.0,False,False,nan,True
228,-0.04220915,-0.00092027424,-2.5045843e-05,-2.1657707e-08,-0.000504743,7.316714e-06,True,True,0,1,False,59,55,4,0.0015853001682675227,186.5833482741953,0.0015853001682675227,186.5833482741953,0.0,False,False,nan,True
229,-0.04220915,-0.00092027424,-3.0238336e-06,-1.3615159e-09,-0.000504708,9.060056e-07,True,True,0,1,False,59,55,4,0.0022057059103417487,186.58555398010563,0.0022057059103417487,186.58555398010563,0.0,False,False,nan,True
230,-0.04220905,-0.00092027424,6.1783094e-06,6.3324612e-09,-0.0005048116,-1.8151152e-06,True,True,0,1,False,59,55,4,-0.0003162743764555387,186.58523770572918,-0.0003162743764555387,186.58523770572918,0.0,False,False,nan,True
231,-0.04220896,-0.00092027424,5.0032168e-06,5.026365e-09,-0.00050489156,-1.4931124e-06,True,True,0,1,False,59,55,4,0.00011904611513635643,186.58535675184433,0.00011904611513635643,186.58535675184433,0.0,False,False,nan,True
232,-0.04220896,-0.00092027424,1.2542006e-06,8.3734336e-10,-0.0005049103,-3.8644694e-07,True,True,0,1,False,59,55,4,0.0003730275392364035,186.58572977938357,0.0003730275392364035,186.58572977938357,0.0,False,False,nan,True
233,-0.04220896,-0.00092027424,-8.212902e-07,-7.185771e-10,-0.00050490105,2.6440287e-07,True,True,0,1,False,59,55,4,4.421653663655434e-05,186.5857739959202,4.421653663655434e-05,186.5857739959202,0.0,False,False,nan,True
234,-0.04220896,-0.00092027424,-9.4932466e-07,-1.2071876e-09,-0.00050488824,3.501552e-07,True,True,0,1,False,59,55,4,-1.1522924824092229e-05,186.58576247299536,-1.1522924824092229e-05,186.58576247299536,0.0,False,False,nan,True
235,-0.04220896,-0.00092027424,-3.5939982e-07,-3.2977904e-10,-0.00050489104,6.773812e-08,True,True,0,1,False,59,55,4,5.871314920646853e-05,186.58582118614456,5.871314920646853e-05,186.58582118614456,0.0,False,False,nan,True
236,-0.04220896,-0.00092027424,8.682878e-08,2.809606e-10,-0.0005048989,-7.7484586e-08,True,True,0,1,False,59,55,4,2.6471269990224755e-05,186.58584765741455,2.6471269990224755e-05,186.58584765741455,0.0,False,False,nan,True
237,-0.04220896,-0.00092027424,1.7430612e-07,8.347377e-10,-0.0005049095,-7.429857e-08,True,True,0,1,False,59,55,4,-9.80726875354776e-06,186.5858378501458,-9.80726875354776e-06,186.5858378501458,0.0,False,False,nan,True
238,-0.04220896,-0.00092027424,9.457138e-08,-1.03385966e-10,-0.00050491124,-9.017387e-08,True,True,0,1,False,59,55,4,7.799046485956751e-06,186.58584564919227,7.799046485956751e-06,186.58584564919227,0.0,False,False,nan,True
239,-0.04220896,-0.00092027424,1.7300412e-08,2.4611038e-09,-0.0005049205,-6.242185e-08,True,True,0,1,False,59,55,4,6.784182328800625e-06,186.58585243337458,6.784182328800625e-06,186.58585243337458,0.0,False,False,nan,True
240,-0.04220896,-0.00092027424,-3.7682703e-08,2.3635185e-09,-0.00050491403,8.990288e-08,True,True,0,1,False,59,55,4,-1.3821111632950078e-06,186.58585105126343,-1.3821111632950078e-06,186.58585105126343,0.0,False,False,nan,True
241,-0.04220896,-0.00092027424,-5.0331117e-08,-3.659138e-10,-0.0005049218,8.778427e-08,True,True,0,1,False,59,55,4,-2.031731666463088e-06,186.58584901953176,-2.031731666463088e-06,186.58584901953176,0.0,False,False,nan,True
242,-0.04220896,-0.00092027424,-3.576543e-08,-2.7842808e-09,-0.0005049162,8.4798316e-08,True,True,0,1,False,59,55,4,2.00467389177561e-06,186.58585102420565,2.00467389177561e-06,186.58585102420565,0.0,False,False,nan,True
243,-0.04220896,-0.00092027424,0.0,0.0,-0.0005049166,0.0,True,True,0,1,True,60,55,5,100,286.5858510242057,100,286.5858510242057,0.0,True,False,nan,True
