step,x,y,vx,vy,angle,angular_velocity,left_leg_contact,right_leg_contact,navigation_action,current_fps,fresh_observation,n_fresh_observations,n_fresh_observations_before_touchdown,n_fresh_observations_after_touchdown,instant_nav_reward,cumulative_nav_reward,instant_adaptive_reward,cumulative_adaptive_reward,instant_frame_penalty,terminated,truncated,vy_at_touchdown,success
1,0.006247902,1.3933862,0.30962962,-0.4024623,-0.0051175007,-0.029106762,False,False,1,10,True,2,2,0,-0.5671890638706418,-0.5671890638706418,-0.5671890638706418,-0.5671890638706418,0.0,False,False,nan,False
2,0.009262753,1.3837378,0.30124888,-0.42882207,-0.0048895106,0.004560153,False,False,1,10,False,2,2,0,-0.6715078021499028,-1.2386968660205446,-0.6715078021499028,-1.2386968660205446,0.0,False,False,nan,False
3,0.01219635,1.3734787,0.2910729,-0.45595205,-0.002622365,0.04534707,False,False,1,10,False,2,2,0,-0.4676238323303028,-1.7063206983508474,-0.4676238323303028,-1.7063206983508474,0.0,False,False,nan,False
4,0.01506443,1.3626227,0.28285497,-0.48248807,0.0012903766,0.07826199,False,False,1,10,False,2,2,0,-0.6488223791485825,-2.35514307749943,-0.6488223791485825,-2.35514307749943,0.0,False,False,nan,False
5,0.017840672,1.351164,0.27133226,-0.50929606,0.0075104483,0.12441261,False,False,1,10,False,2,2,0,-1.2873857184312658,-3.642528795930696,-1.2873857184312658,-3.642528795930696,0.0,False,False,nan,False
6,0.0205204,1.3390962,0.25923076,-0.5364138,0.016152753,0.17286214,False,False,1,10,True,3,3,0,-1.5617911456301943,-5.2043199415608905,-1.5617911456301943,-5.2043199415608905,0.0,False,False,nan,False
7,0.023199845,1.3264294,0.2592048,-0.5630872,0.024793105,0.1728234,False,False,0,10,False,3,3,0,-2.0132962355495465,-7.217616177110437,-2.0132962355495465,-7.217616177110437,0.0,False,False,nan,False
8,0.025879096,1.3131636,0.25917923,-0.5897606,0.033432614,0.1728062,False,False,0,10,False,3,3,0,-1.97416729115983,-9.191783468270266,-1.97416729115983,-9.191783468270266,0.0,False,False,nan,False
9,0.028557967,1.2992988,0.2591542,-0.6164343,0.04207078,0.172779,False,False,0,10,False,3,3,0,-1.932825369567098,-11.124608837837364,-1.932825369567098,-11.124608837837364,0.0,False,False,nan,False
10,0.031236554,1.2848347,0.25912908,-0.64310825,0.050707545,0.17275144,False,False,0,10,False,3,3,0,-1.8895559434967026,-13.014164781334067,-1.8895559434967026,-13.014164781334067,0.0,False,False,nan,False
11,0.033914853,1.2697718,0.25910407,-0.66978246,0.05934297,0.1727243,False,False,0,10,True,4,4,0,-1.8447079205034242,-14.858872701837491,-1.8447079205034242,-14.858872701837491,0.0,False,False,nan,False
12,0.036656857,1.2541149,0.26711586,-0.69616497,0.0663625,0.14040361,False,False,3,10,False,4,4,0,-1.9244293348519352,-16.783302036689427,-1.9244293348519352,-16.783302036689427,0.0,False,False,nan,False
13,0.039487172,1.2378771,0.27821487,-0.72189045,0.07113421,0.09544273,False,False,3,10,False,4,4,0,-1.6923029749464706,-18.4756050116359,-1.6923029749464706,-18.4756050116359,0.0,False,False,nan,False
14,0.042388916,1.2210369,0.28717026,-0.7485987,0.074114084,0.059602834,False,False,3,10,False,4,4,0,-1.4688595549361014,-19.944464566572,-1.4688595549361014,-19.944464566572,0.0,False,False,nan,False
15,0.04535675,1.2036121,0.29548156,-0.7745087,0.075409845,0.025917253,False,False,3,10,False,4,4,0,-1.1458950624297006,-21.090359629001703,-1.1458950624297006,-21.090359629001703,0.0,False,False,nan,False
16,0.048407365,1.1855915,0.30584985,-0.80087173,0.074624486,-0.01570863,False,False,3,10,True,5,5,0,-0.9954723488160073,-22.085831977817712,-0.9954723488160073,-22.085831977817712,0.0,False,False,nan,False
17,0.051366232,1.1669534,0.2943316,-0.8284384,0.07616728,0.0308587,False,False,1,10,False,5,5,0,-0.5231490497993423,-22.608981027617055,-0.5231490497993423,-22.608981027617055,0.0,False,False,nan,False
18,0.05423498,1.1477029,0.28302377,-0.85577935,0.079986006,0.0763813,False,False,1,10,False,5,5,0,-0.7214224621229721,-23.33040348974003,-0.7214224621229721,-23.33040348974003,0.0,False,False,nan,False
19,0.05701952,1.1278327,0.272443,-0.88346076,0.085945174,0.11919443,False,False,1,10,False,5,5,0,-0.9697664030400108,-24.30016989278004,-0.9697664030400108,-24.30016989278004,0.0,False,False,nan,False
20,0.059710216,1.1073526,0.2606872,-0.9107196,0.09426538,0.16641927,False,False,1,10,False,5,5,0,-1.1088384304454155,-25.409008323225457,-1.1088384304454155,-25.409008323225457,0.0,False,False,nan,False
21,0.062336065,1.0862703,0.25259155,-0.9376549,0.10420296,0.19876947,False,False,1,10,True,6,6,0,-1.312017705226906,-26.721026028452364,-1.312017705226906,-26.721026028452364,0.0,False,False,nan,False
22,0.06494598,1.0655271,0.25077122,-0.9226689,0.114369355,0.20334609,False,False,2,10,False,6,6,0,2.2327835799814695,-24.488242448470896,2.2327835799814695,-24.488242448470896,0.0,False,False,nan,False
23,0.06736708,1.0453782,0.23235066,-0.8962772,0.12408722,0.1943746,False,False,2,10,False,6,6,0,3.747554114485422,-20.740688333985474,3.747554114485422,-20.740688333985474,0.0,False,False,nan,False
24,0.06979132,1.0258613,0.23218688,-0.8682989,0.13429147,0.2041029,False,False,2,10,False,6,6,0,3.3207680424984973,-17.419920291486978,3.3207680424984973,-17.419920291486978,0.0,False,False,nan,False
25,0.07203703,1.006653,0.21477726,-0.8546215,0.14405239,0.19521844,False,False,2,10,False,6,6,0,2.3854867684612886,-15.03443352302569,2.3854867684612886,-15.03443352302569,0.0,False,False,nan,False
26,0.07419519,0.98756164,0.20613053,-0.849469,0.1537308,0.1935679,False,False,2,50,True,7,7,0,1.3279471270038357,-13.706486396021855,1.3279471270038357,-13.706486396021855,0.0,False,False,nan,False
27,0.07604513,0.96920717,0.176081,-0.81670296,0.16263105,0.17800501,False,False,2,50,True,8,8,0,4.491072410167601,-9.215413985854255,4.491072410167601,-9.215413985854255,0.0,False,False,nan,False
28,0.07774611,0.9515452,0.16123351,-0.7859747,0.17149723,0.17732412,False,False,2,50,True,9,9,0,3.873067576163135,-5.34234640969112,3.873067576163135,-5.34234640969112,0.0,False,False,nan,False
29,0.07910319,0.93466777,0.12770976,-0.7510592,0.179526,0.16057539,False,False,2,50,True,10,10,0,4.618038104167209,-0.7243083055239108,4.618038104167209,-0.7243083055239108,0.0,False,False,nan,False
30,0.08046923,0.9180173,0.12810254,-0.7410654,0.18805036,0.17048755,False,False,2,50,True,11,11,0,1.4731073886862418,0.748799083162331,1.4731073886862418,0.748799083162331,0.0,False,False,nan,False
31,0.08185081,0.9018115,0.1290114,-0.7214546,0.19724825,0.18395755,False,False,2,50,True,12,12,0,2.2978240241801418,3.046623107342473,2.2978240241801418,3.046623107342473,0.0,False,False,nan,False
32,0.08302899,0.88561624,0.109232046,-0.7209499,0.20589267,0.17288849,False,False,2,50,True,13,13,0,0.8095104173498953,3.8561335246923685,0.8095104173498953,3.8561335246923685,0.0,False,False,nan,False
33,0.083918,0.86971277,0.08107484,-0.7079304,0.2137904,0.15795496,False,False,2,50,True,14,14,0,2.147017511232332,6.0031510359247005,2.147017511232332,6.0031510359247005,0.0,False,False,nan,False
34,0.08451166,0.8544957,0.052046247,-0.6773954,0.22119544,0.14810094,False,False,2,50,True,15,15,0,3.7848089793248905,9.787960015249592,3.7848089793248905,9.787960015249592,0.0,False,False,nan,False
35,0.08517685,0.8386949,0.061002217,-0.70309573,0.22677054,0.111502215,False,False,3,50,True,16,16,0,-1.6564609191888156,8.131499096060777,-1.6564609191888156,8.131499096060777,0.0,False,False,nan,False
36,0.08556585,0.82346576,0.03382912,-0.67763984,0.23191428,0.10287503,False,False,2,50,True,17,17,0,3.4219278158269733,11.553426911887751,3.4219278158269733,11.553426911887751,0.0,False,False,nan,False
37,0.086044505,0.8076681,0.045114953,-0.70255333,0.23470609,0.055836044,False,False,3,50,True,18,18,0,-1.2947545842440877,10.258672327643664,-1.2947545842440877,10.258672327643664,0.0,False,False,nan,False
38,0.08639479,0.7919645,0.03235676,-0.6983708,0.23741823,0.054243125,False,False,2,50,True,19,19,0,1.4743806484076003,11.733052976051264,1.4743806484076003,11.733052976051264,0.0,False,False,nan,False
39,0.08660364,0.776607,0.018170584,-0.68299586,0.24018145,0.055264294,False,False,2,50,True,20,20,0,2.53613161709053,14.269184593141794,2.53613161709053,14.269184593141794,0.0,False,False,nan,False
40,0.08687095,0.7606656,0.025488753,-0.7087059,0.24143526,0.025076305,False,False,3,50,True,21,21,0,-1.16695930041186,13.102225292729935,-1.16695930041186,13.102225292729935,0.0,False,False,nan,False
41,0.087025926,0.7446935,0.014353116,-0.71006274,0.24260512,0.023397068,False,False,2,50,True,22,22,0,1.0635247259011578,14.165750018631092,1.0635247259011578,14.165750018631092,0.0,False,False,nan,False
42,0.08701839,0.728713,-0.0016171506,-0.710384,0.2434836,0.017569749,False,False,2,5,True,23,23,0,1.1814530773247724,15.347203095955864,1.1814530773247724,15.347203095955864,0.0,False,False,nan,False
43,0.086923696,0.7129854,-0.010576693,-0.6991901,0.24460493,0.02242651,False,False,2,5,False,23,23,0,2.262014317572903,17.609217413528768,2.262014317572903,17.609217413528768,0.0,False,False,nan,False
44,0.08672514,0.6972653,-0.020942,-0.6988448,0.24571468,0.022194909,False,False,2,5,False,23,23,0,1.1628281108255123,18.77204552435428,1.1628281108255123,18.77204552435428,0.0,False,False,nan,False
45,0.08615236,0.6823553,-0.057754196,-0.66275567,0.24620347,0.009775815,False,False,2,5,False,23,23,0,4.526798182175708,23.298843706529986,4.526798182175708,23.298843706529986,0.0,False,False,nan,False
46,0.08558331,0.66782486,-0.058126092,-0.6460005,0.24744552,0.024841549,False,False,2,5,False,23,23,0,2.6901083741655727,25.988952080695558,2.6901083741655727,25.988952080695558,0.0,False,False,nan,False
47,0.084733866,0.6535072,-0.08553311,-0.6364413,0.24804431,0.011975637,False,False,2,5,False,23,23,0,1.7157188458795758,27.704670926575133,1.7157188458795758,27.704670926575133,0.0,False,False,nan,False
48,0.08369799,0.6394814,-0.1040169,-0.6234363,0.24848293,0.008772347,False,False,2,5,False,23,23,0,2.071245538608122,29.775916465183254,2.071245538608122,29.775916465183254,0.0,False,False,nan,False
49,0.08255243,0.6260721,-0.11541597,-0.59611803,0.24935234,0.017388118,False,False,2,5,False,23,23,0,3.444070987299864,33.21998745248312,3.444070987299864,33.21998745248312,0.0,False,False,nan,False
50,0.08103724,0.6133694,-0.15172075,-0.5645979,0.24956025,0.0041583097,False,False,2,5,False,23,23,0,3.214396998686806,36.434384451169926,3.214396998686806,36.434384451169926,0.0,False,False,nan,False
51,0.079452895,0.600927,-0.15897512,-0.5530835,0.25011384,0.011071892,False,False,2,5,False,23,23,0,1.8139666704812896,38.24835112165122,1.8139666704812896,38.24835112165122,0.0,False,False,nan,False
52,0.07768812,0.58943444,-0.17739546,-0.5109346,0.2510419,0.018561114,False,False,2,5,True,24,24,0,4.231993013610361,42.48034413526158,4.231993013610361,42.48034413526158,0.0,False,False,nan,False
53,0.07599783,0.5773654,-0.16802725,-0.53623223,0.25002423,-0.020353055,False,False,3,5,False,24,24,0,-0.8183095791620463,41.662034556099535,-0.8183095791620463,41.662034556099535,0.0,False,False,nan,False
54,0.07439909,0.564733,-0.15649289,-0.5608699,0.24657872,-0.068909794,False,False,3,5,False,24,24,0,-0.4472997232028024,41.21473483289673,-0.4472997232028024,41.21473483289673,0.0,False,False,nan,False
55,0.07289381,0.55154294,-0.14466879,-0.5852575,0.24062657,-0.119043246,False,False,3,5,False,24,24,0,-0.1653877101670662,41.049347122729664,-0.1653877101670662,41.049347122729664,0.0,False,False,nan,False
56,0.0714592,0.5377767,-0.13578002,-0.6105937,0.23282582,-0.15601543,False,False,3,5,False,24,24,0,-0.1299718408107526,40.91937528191891,-0.1299718408107526,40.91937528191891,0.0,False,False,nan,False
57,0.07009478,0.5234296,-0.12694857,-0.6361771,0.2232098,-0.19232066,False,False,3,5,False,24,24,0,0.05063078092823162,40.97000606284714,0.05063078092823162,40.97000606284714,0.0,False,False,nan,False
58,0.06882658,0.5085088,-0.11485157,-0.661383,0.21110916,-0.24201283,False,False,3,5,False,24,24,0,0.4195840982728509,41.38959016111999,0.4195840982728509,41.38959016111999,0.0,False,False,nan,False
59,0.06762924,0.49301684,-0.105863675,-0.68660796,0.19713426,-0.27949816,False,False,3,5,False,24,24,0,0.5746562410496108,41.9642464021696,0.5746562410496108,41.9642464021696,0.0,False,False,nan,False
60,0.06649971,0.47695592,-0.09725106,-0.7118056,0.1813591,-0.31550345,False,False,3,5,False,24,24,0,0.784223913214505,42.748470315384104,0.784223913214505,42.748470315384104,0.0,False,False,nan,False
61,0.065449715,0.46031836,-0.08720166,-0.737372,0.16352947,-0.35659274,False,False,3,5,False,24,24,0,1.0059189694550252,43.75438928483913,1.0059189694550252,43.75438928483913,0.0,False,False,nan,False
62,0.06447754,0.44310623,-0.07736013,-0.7629191,0.14368647,-0.39686033,False,False,3,5,True,25,25,0,1.2397252579138478,44.994114542752975,1.2397252579138478,44.994114542752975,0.0,False,False,nan,False
63,0.063369274,0.42634207,-0.09074026,-0.7432558,0.12368472,-0.40003538,False,False,2,5,False,25,25,0,5.18056980082859,50.17468434358157,5.18056980082859,50.17468434358157,0.0,False,False,nan,False
64,0.06206646,0.409747,-0.10955052,-0.735969,0.103082836,-0.4120376,False,False,2,5,False,25,25,0,3.8903119987468644,54.064996342328435,3.8903119987468644,54.064996342328435,0.0,False,False,nan,False
65,0.06083374,0.394148,-0.10333321,-0.6920308,0.08331117,-0.39543337,False,False,2,5,False,25,25,0,7.6752527855118275,61.740249127840265,7.6752527855118275,61.740249127840265,0.0,False,False,nan,False
66,0.0594059,0.37890673,-0.12214215,-0.67636484,0.06288726,-0.4084786,False,False,2,5,False,25,25,0,4.5101602879362135,66.25040941577647,4.5101602879362135,66.25040941577647,0.0,False,False,nan,False
67,0.057935335,0.36366785,-0.12631261,-0.6765387,0.042383343,-0.4100783,False,False,2,5,False,25,25,0,3.186123454669894,69.43653287044637,3.186123454669894,69.43653287044637,0.0,False,False,nan,False
68,0.056442358,0.34849823,-0.12852094,-0.6737477,0.021864062,-0.41038567,False,False,2,5,False,25,25,0,3.50667859325132,72.9432114636977,3.50667859325132,72.9432114636977,0.0,False,False,nan,False
69,0.054840088,0.33409032,-0.13903086,-0.6401791,0.00093183445,-0.4186445,False,False,2,5,False,25,25,0,6.320418938751527,79.26363040244922,6.320418938751527,79.26363040244922,0.0,False,False,nan,False
70,0.053333186,0.319893,-0.12993751,-0.6311075,-0.019555736,-0.40975136,False,False,2,5,False,25,25,0,0.33862183635302473,79.60225223880225,0.33862183635302473,79.60225223880225,0.0,False,False,nan,False
71,0.051916502,0.3059144,-0.12129921,-0.62166125,-0.039674666,-0.4023785,False,False,2,5,False,25,25,0,0.18612842390299705,79.78838066270525,0.18612842390299705,79.78838066270525,0.0,False,False,nan,False
72,0.050588228,0.2928383,-0.11269534,-0.5818101,-0.05956727,-0.39785212,False,False,2,5,True,26,26,0,3.0980778319806292,82.88645849468588,3.0980778319806292,82.88645849468588,0.0,False,False,nan,False
73,0.04930315,0.27979133,-0.10849084,-0.5807793,-0.07937547,-0.39616376,False,False,2,5,False,26,26,0,-0.7936049514370638,82.09285354324882,-0.7936049514370638,82.09285354324882,0.0,False,False,nan,False
74,0.04790802,0.2670821,-0.11878254,-0.5660834,-0.099919364,-0.41087776,False,False,2,5,False,26,26,0,0.16275734104852974,82.25561088429735,0.16275734104852974,82.25561088429735,0.0,False,False,nan,False
75,0.046591856,0.25481072,-0.11097536,-0.54689926,-0.12041821,-0.40997696,False,False,2,5,False,26,26,0,0.9176883561228493,83.1732992404202,0.9176883561228493,83.1732992404202,0.0,False,False,nan,False
76,0.045521162,0.24343593,-0.08704976,-0.50728065,-0.14034286,-0.39849266,False,False,2,5,False,26,26,0,3.1804989441226157,86.35379818454282,3.1804989441226157,86.35379818454282,0.0,False,False,nan,False
77,0.04435911,0.23234862,-0.09544639,-0.49485776,-0.16106807,-0.4145043,False,False,2,5,False,26,26,0,-0.18979242608843377,86.1640057584544,-0.18979242608843377,86.1640057584544,0.0,False,False,nan,False
78,0.043166827,0.22166649,-0.097906604,-0.4772115,-0.18242744,-0.4271873,False,False,2,5,False,26,26,0,0.31822506934235834,86.48223082779676,0.31822506934235834,86.48223082779676,0.0,False,False,nan,False
79,0.041959,0.21171628,-0.09874476,-0.44509667,-0.20460188,-0.44348878,False,False,2,5,False,26,26,0,1.6055019940486204,88.08773282184538,1.6055019940486204,88.08773282184538,0.0,False,False,nan,False
80,0.041001033,0.20196076,-0.07448454,-0.43667257,-0.22614151,-0.43079272,False,False,2,5,False,26,26,0,-0.1847364183264119,87.90299640351897,-0.1847364183264119,87.90299640351897,0.0,False,False,nan,False
81,0.040121365,0.19297029,-0.066172674,-0.4030746,-0.24827039,-0.44257745,False,False,2,5,False,26,26,0,1.83639957071328,89.73939597423225,1.83639957071328,89.73939597423225,0.0,False,False,nan,False
82,0.039615344,0.18482675,-0.02949431,-0.36564496,-0.2698191,-0.4309744,False,False,2,50,True,27,27,0,2.5161399721445976,92.25553594637685,2.5161399721445976,92.25553594637685,0.0,False,False,nan,False
83,0.039021492,0.1761321,-0.040737875,-0.38998288,-0.28896135,-0.3828447,False,False,1,50,True,28,28,0,-3.6092771020143446,88.6462588443625,-3.6092771020143446,88.6462588443625,0.0,False,False,nan,False
84,0.03835087,0.16687468,-0.050538212,-0.41480562,-0.30602258,-0.34122485,False,False,1,50,True,29,29,0,-3.3951329771800958,85.25112586718241,-3.3951329771800958,85.25112586718241,0.0,False,False,nan,False
85,0.037600137,0.15706287,-0.060748238,-0.43916783,-0.32087076,-0.29696366,False,False,1,50,True,30,30,0,-3.090060706056788,82.16106516112562,-3.090060706056788,82.16106516112562,0.0,False,False,nan,False
86,0.03675594,0.1466913,-0.072585985,-0.46363232,-0.3332064,-0.24671254,False,False,1,50,True,31,31,0,-2.8291428449163747,79.33192231620924,-2.8291428449163747,79.33192231620924,0.0,False,False,nan,False
87,0.035830498,0.13576128,-0.08289631,-0.488041,-0.3433114,-0.20209968,False,False,1,50,True,32,32,0,-2.534002464091613,76.79791985211763,-2.534002464091613,76.79791985211763,0.0,False,False,nan,False
88,0.034832954,0.124280274,-0.09209572,-0.5121133,-0.35135108,-0.1607939,False,False,1,50,True,33,33,0,-2.2296449266864458,74.56827492543118,-2.2296449266864458,74.56827492543118,0.0,False,False,nan,False
89,0.03417177,0.113572106,-0.058484573,-0.47780272,-0.35938632,-0.16070542,False,False,2,50,True,34,34,0,3.8392256370714906,78.40750056250268,3.8392256370714906,78.40750056250268,0.0,False,False,nan,False
90,0.033424664,0.1023089,-0.0693455,-0.5019419,-0.3650496,-0.11326554,False,False,1,50,True,35,35,0,-2.0332903586384803,76.3742102038642,-2.0332903586384803,76.3742102038642,0.0,False,False,nan,False
91,0.03290882,0.09153093,-0.046038847,-0.48044607,-0.37090743,-0.11715694,False,False,2,50,True,36,36,0,2.55680896058598,78.93101916445018,2.55680896058598,78.93101916445018,0.0,False,False,nan,False
92,0.032330513,0.080183685,-0.053916097,-0.50534403,-0.37505284,-0.08290915,False,False,1,50,True,37,37,0,-1.919969944342937,77.01104922010724,-1.919969944342937,77.01104922010724,0.0,False,False,nan,False
93,0.03190937,0.06880568,-0.038238525,-0.5067091,-0.37916481,-0.08223937,False,False,2,50,True,38,38,0,0.3561712363904633,77.3672204564977,0.3561712363904633,77.3672204564977,0.0,False,False,nan,False
94,0.031768896,0.057472523,-0.010623786,-0.50461024,-0.38280666,-0.0728366,False,False,2,50,True,39,39,0,0.6962216545647777,78.06344211106249,0.6962216545647777,78.06344211106249,0.0,False,False,nan,False
95,0.031925775,0.04621669,0.018642576,-0.50105745,-0.38595238,-0.06291527,False,False,2,50,True,40,40,0,0.6669237899957323,78.73036590105822,0.6669237899957323,78.73036590105822,0.0,False,False,nan,False
96,0.032212924,0.035124145,0.031964187,-0.4938893,-0.38942608,-0.06947321,True,False,2,50,True,41,41,0,-100,-21.26963409894178,-100.0,-21.26963409894178,0.0,False,False,0.4938893,False
97,0.032462407,0.025420556,0.015784197,-0.42954773,-0.376992,0.25256217,True,False,2,50,True,42,41,1,8.094680479484207,-13.174953619457572,8.094680479484207,-13.174953619457572,0.0,False,False,nan,False
98,0.03322811,0.016840348,0.04647506,-0.37370163,-0.34546822,0.6301279,True,False,2,50,True,43,41,2,8.576023034582871,-4.598930584874701,8.576023034582871,-4.598930584874701,0.0,False,False,nan,False
99,0.034203816,0.00915328,0.050028242,-0.33104578,-0.29607877,0.9876723,True,False,2,50,True,44,41,3,9.000980235818343,4.402049650943642,9.000980235818343,4.402049650943642,0.0,False,False,nan,False
100,0.035509966,0.0027247763,0.06665965,-0.27410942,-0.23055224,1.3106396,True,False,2,50,True,45,41,4,11.502583108921623,15.904632759865265,11.502583108921623,15.904632759865265,0.0,False,False,nan,False
101,0.036877345,-0.0031296634,0.06421442,-0.25057128,-0.15740205,1.4631879,True,False,2,50,True,46,41,5,9.218436779913329,25.123069539778594,9.218436779913329,25.123069539778594,0.0,False,False,nan,False
102,0.038377095,-0.00853621,0.07733121,-0.23426056,-0.085043944,1.4472795,True,False,2,1,True,47,41,6,7.902726343235085,33.02579588301368,7.902726343235085,33.02579588301368,0.0,False,False,nan,False
103,0.03984499,-0.013439145,0.07453403,-0.21539538,-0.013573885,1.4294541,False,True,2,1,False,47,41,6,8.4502575871137,41.47605347012738,8.4502575871137,41.47605347012738,0.0,False,False,nan,False
104,0.04112196,-0.01690388,0.072506286,-0.15464558,0.037897892,1.0256217,False,True,2,1,False,47,41,6,2.7392790938658793,44.215332563993265,2.7392790938658793,44.215332563993265,0.0,False,False,nan,False
105,0.04224949,-0.019054618,0.08021271,-0.09675242,0.07000256,0.64201903,False,True,2,1,False,47,41,6,0.8129224310911674,45.02825499508443,0.8129224310911674,45.02825499508443,0.0,False,False,nan,False
106,0.043158628,-0.020197347,0.07810561,-0.051439773,0.082663335,0.25318712,False,True,2,1,False,47,41,6,1.5191670249739786,46.54742202005841,1.5191670249739786,46.54742202005841,0.0,False,False,nan,False
107,0.04376478,-0.020583691,0.06777265,-0.01679172,0.07554868,-0.14233163,False,True,2,1,False,47,41,6,2.710284614995264,49.25770663505368,2.710284614995264,49.25770663505368,0.0,False,False,nan,False
108,0.044051647,-0.02053391,0.04864917,0.0030926683,0.05574697,-0.3961028,False,True,2,1,False,47,41,6,3.763752521402968,53.02145915645665,3.763752521402968,53.02145915645665,0.0,False,False,nan,False
109,0.044099998,-0.01966119,0.026463235,0.039444383,0.034317095,-0.42866403,False,True,2,1,False,47,41,6,1.9996240268997354,55.02108318335639,1.9996240268997354,55.02108318335639,0.0,False,False,nan,False
110,0.043985177,-0.017989852,0.009561637,0.07462823,0.013507438,-0.41623154,False,True,2,1,False,47,41,6,-0.9167145323483219,54.104368651008066,-0.9167145323483219,54.104368651008066,0.0,False,False,nan,False
111,0.043906022,-0.015767947,0.009520872,0.09881232,-0.0036824862,-0.34377658,True,False,2,1,False,47,41,6,-1.633637266953751,52.47073138405432,-1.633637266953751,52.47073138405432,0.0,False,False,nan,False
112,0.043907832,-0.013278177,0.013487394,0.110567845,-0.016812475,-0.26259887,True,False,2,1,False,47,41,6,-2.7467572755373366,49.723974108516984,-2.7467572755373366,49.723974108516984,0.0,False,False,nan,False
113,0.04384613,-0.010518326,0.005280797,0.122491114,-0.028131718,-0.22639897,True,False,2,1,False,47,41,6,-2.475517732261589,47.2484563762554,-2.475517732261589,47.2484563762554,0.0,False,False,nan,False
114,0.04396353,-0.007759049,0.022234103,0.12240413,-0.038507354,-0.20753324,True,False,2,1,False,47,41,6,-1.473069744197683,45.77538663205772,-1.473069744197683,45.77538663205772,0.0,False,False,nan,False
115,0.043968868,-0.004160919,0.01196369,0.15958218,-0.049819186,-0.22625773,True,False,2,1,False,47,41,6,-4.94570844254084,40.829678189516876,-4.94570844254084,40.829678189516876,0.0,False,False,nan,False
116,0.044077683,0.0003428316,0.022037039,0.19975506,-0.06086718,-0.22097981,False,False,2,1,False,47,41,6,-15.489864387469467,25.33981380204741,-15.489864387469467,25.33981380204741,0.0,False,False,nan,False
117,0.044081114,0.005614481,0.012258582,0.23377232,-0.07267007,-0.23607938,False,False,2,1,False,47,41,6,-4.828766320709096,20.511047481338313,-4.828766320709096,20.511047481338313,0.0,False,False,nan,False
118,0.044304468,0.011277732,0.033406362,0.2511293,-0.08365211,-0.21966068,False,False,2,1,False,47,41,6,-3.451011091013757,17.060036390324555,-3.451011091013757,17.060036390324555,0.0,False,False,nan,False
119,0.044778824,0.017558321,0.057623297,0.2785347,-0.09376193,-0.20221493,False,False,2,1,False,47,41,6,-4.658202247679834,12.40183414264472,-4.658202247679834,12.40183414264472,0.0,False,False,nan,False
120,0.045188427,0.024813876,0.051901974,0.32174984,-0.10463167,-0.21741469,False,False,2,1,False,47,41,6,-5.8800982486933036,6.5217358939514165,-5.8800982486933036,6.5217358939514165,0.0,False,False,nan,False
121,0.045517255,0.032436356,0.044502907,0.33792102,-0.116191424,-0.231216,False,False,2,1,False,47,41,6,-3.382854148393174,3.1388817455582423,-3.382854148393174,3.1388817455582423,0.0,False,False,nan,False
122,0.046027087,0.040762793,0.06220513,0.3691556,-0.12736851,-0.2235616,False,False,2,1,False,47,41,6,-5.328843966429257,-2.1899622208710143,-5.328843966429257,-2.1899622208710143,0.0,False,False,nan,False
123,0.046611212,0.04931782,0.0695909,0.37922916,-0.13852347,-0.22311935,False,False,2,1,False,47,41,6,-3.1733106546008782,-5.363272875471893,-3.1733106546008782,-5.363272875471893,0.0,False,False,nan,False
124,0.047400665,0.05812391,0.08951317,0.39036825,-0.14908364,-0.21122248,False,False,2,1,False,47,41,6,-3.5640688271624468,-8.92734170263434,-3.5640688271624468,-8.92734170263434,0.0,False,False,nan,False
125,0.048447035,0.067837656,0.114688694,0.43068546,-0.15914029,-0.20115097,False,False,2,1,False,47,41,6,-6.661097772012712,-15.588439474647053,-6.661097772012712,-15.588439474647053,0.0,False,False,nan,False
126,0.04949236,0.077892214,0.115022734,0.44571346,-0.16966084,-0.21042976,False,False,2,1,False,47,41,6,-3.7066959744973387,-19.295135449144393,-3.7066959744973387,-19.295135449144393,0.0,False,False,nan,False
127,0.050718687,0.08874679,0.133002,0.481207,-0.18007171,-0.20823625,False,False,2,1,False,47,41,6,-6.227554678591136,-25.52269012773553,-6.227554678591136,-25.52269012773553,0.0,False,False,nan,False
128,0.052183725,0.09961969,0.15610272,0.48204747,-0.18972495,-0.1930818,False,False,2,1,False,47,41,6,-3.0339651341166443,-28.556655261852175,-3.0339651341166443,-28.556655261852175,0.0,False,False,nan,False
129,0.05377779,0.11074585,0.16889954,0.493256,-0.19928052,-0.19112848,False,False,2,1,False,47,41,6,-3.7886974779580695,-32.345352739810245,-3.7886974779580695,-32.345352739810245,0.0,False,False,nan,False
130,0.055614185,0.122719154,0.1932548,0.5308209,-0.20898004,-0.19399676,False,False,2,1,False,47,41,6,-6.785355381092091,-39.130708120902334,-6.785355381092091,-39.130708120902334,0.0,False,False,nan,False
131,0.057762813,0.1350217,0.22364485,0.5455145,-0.21784736,-0.17735131,False,False,2,1,False,47,41,6,-4.866621927400092,-43.99733004830242,-4.866621927400092,-43.99733004830242,0.0,False,False,nan,False
132,0.059957884,0.14762264,0.22864595,0.5586658,-0.22710103,-0.18507895,False,False,2,1,False,47,41,6,-3.8794944583242623,-47.87682450662668,-3.8794944583242623,-47.87682450662668,0.0,False,False,nan,False
133,0.062277697,0.1603416,0.24103081,0.56386703,-0.23628633,-0.18371102,False,False,2,1,False,47,41,6,-3.444081952405159,-51.32090645903184,-3.444081952405159,-51.32090645903184,0.0,False,False,nan,False
134,0.06475468,0.17359765,0.2568378,0.58766365,-0.2455813,-0.18590555,False,False,2,1,False,47,41,6,-5.368048895830415,-56.68895535486225,-5.368048895830415,-56.68895535486225,0.0,False,False,nan,False
135,0.06753359,0.1869763,0.28621715,0.5931963,-0.25405693,-0.16951674,False,False,2,1,False,47,41,6,-4.229133154043285,-60.918088508905534,-4.229133154043285,-60.918088508905534,0.0,False,False,nan,False
136,0.07057448,0.20049006,0.311799,0.59925866,-0.26192725,-0.15741046,False,False,2,1,False,47,41,6,-4.150563418345814,-65.06865192725135,-4.150563418345814,-65.06865192725135,0.0,False,False,nan,False
137,0.073848054,0.2147049,0.33504367,0.6303794,-0.26979557,-0.15737064,False,False,2,1,False,47,41,6,-6.373324603577035,-71.44197653082838,-6.373324603577035,-71.44197653082838,0.0,False,False,nan,False
138,0.07733841,0.2293723,0.35625625,0.6505357,-0.27718833,-0.14785524,False,False,2,1,False,47,41,6,-5.3214468423961305,-76.76342337322451,-5.3214468423961305,-76.76342337322451,0.0,False,False,nan,False
139,0.080808066,0.24417952,0.35485083,0.6565819,-0.2852977,-0.16218749,False,False,2,1,False,47,41,6,-3.089252202850221,-79.85267557607473,-3.089252202850221,-79.85267557607473,0.0,False,False,nan,False
140,0.084671594,0.25969663,0.39363533,0.6882104,-0.29279426,-0.14993136,False,False,2,1,False,47,41,6,-7.293935015379549,-87.14661059145428,-7.293935015379549,-87.14661059145428,0.0,False,False,nan,False
141,0.08896275,0.27590606,0.43566108,0.71908504,-0.29954615,-0.13503787,False,False,2,1,False,47,41,6,-7.442661035799989,-94.58927162725426,-7.442661035799989,-94.58927162725426,0.0,False,False,nan,False
142,0.09360075,0.29254097,0.46974072,0.7380906,-0.30569816,-0.123039976,False,False,2,1,False,47,41,6,-6.05353477444267,-100.64280640169693,-6.05353477444267,-100.64280640169693,0.0,False,False,nan,False
143,0.09854631,0.3099202,0.50039446,0.7711701,-0.31173936,-0.12082408,False,False,2,1,False,47,41,6,-7.150264604958738,-107.79307100665567,-7.150264604958738,-107.79307100665567,0.0,False,False,nan,False
144,0.103609845,0.3276068,0.5124953,0.7847391,-0.3181192,-0.12759714,False,False,2,1,False,47,41,6,-4.574316961842203,-112.36738796849787,-4.574316961842203,-112.36738796849787,0.0,False,False,nan,False
145,0.10879259,0.34610948,0.5252157,0.8207987,-0.3253397,-0.14440992,False,False,2,1,False,47,41,6,-6.661442104891125,-119.02883007338899,-6.661442104891125,-119.02883007338899,0.0,False,False,nan,False
146,0.11423683,0.36504573,0.5512246,0.8400629,-0.33243206,-0.14184734,False,False,2,1,False,47,41,6,-6.010110067348864,-125.03894014073785,-6.010110067348864,-125.03894014073785,0.0,False,False,nan,False
147,0.11975241,0.38431442,0.5589405,0.85466987,-0.34015018,-0.15436225,False,False,2,1,False,47,41,6,-4.720173975852833,-129.7591141165907,-4.720173975852833,-129.7591141165907,0.0,False,False,nan,False
148,0.12561807,0.40416014,0.5936214,0.8803483,-0.34755206,-0.14803705,False,False,2,1,False,47,41,6,-7.167234131175394,-136.9263482477661,-7.167234131175394,-136.9263482477661,0.0,False,False,nan,False
149,0.13169804,0.4238524,0.6145972,0.87360054,-0.35449034,-0.13876562,False,False,2,1,False,47,41,6,-3.6889788771270444,-140.61532712489316,-3.6889788771270444,-140.61532712489316,0.0,False,False,nan,False
150,0.13789587,0.44400138,0.62695634,0.8937229,-0.36204746,-0.15114304,False,False,2,1,False,47,41,6,-5.520770127888755,-146.13609725278192,-5.520770127888755,-146.13609725278192,0.0,False,False,nan,False
151,0.14443044,0.46426257,0.65996176,0.898838,-0.3689256,-0.13756286,False,False,2,1,False,47,41,6,-5.456808124178639,-151.59290537696057,-5.456808124178639,-151.59290537696057,0.0,False,False,nan,False
152,0.15122338,0.4844073,0.685245,0.8937751,-0.37522605,-0.12600903,False,False,2,1,True,48,41,7,-4.16792470504372,-155.7608300820043,-4.16792470504372,-155.7608300820043,0.0,False,False,nan,False
153,0.15795402,0.50398964,0.67733556,0.8691972,-0.3797634,-0.09074704,False,False,1,1,False,48,41,7,-0.12527800421750498,-155.8861080862218,-0.12527800421750498,-155.8861080862218,0.0,False,False,nan,False
154,0.16461697,0.52300185,0.66884017,0.84430426,-0.38247252,-0.054182213,False,False,1,1,False,48,41,7,0.16784019625222982,-155.71826788996958,0.16784019625222982,-155.71826788996958,0.0,False,False,nan,False
155,0.17121267,0.54144853,0.6603674,0.81963843,-0.38332555,-0.017059898,False,False,1,1,False,48,41,7,0.3830291520489493,-155.33523873792063,0.3830291520489493,-155.33523873792063,0.0,False,False,nan,False
156,0.17773323,0.55934733,0.65082055,0.7958364,-0.38200045,0.026501756,False,False,1,1,False,48,41,7,0.6489780908733576,-154.68626064704728,0.6489780908733576,-154.68626064704728,0.0,False,False,nan,False
157,0.18416843,0.5767105,0.639892,0.7726618,-0.37815237,0.07696165,False,False,1,1,False,48,41,7,0.9889584620966343,-153.69730218495064,0.9889584620966343,-153.69730218495064,0.0,False,False,nan,False
158,0.1905468,0.59350795,0.6326966,0.74790347,-0.37269893,0.10906903,False,False,1,1,False,48,41,7,1.0815064716834126,-152.61579571326723,1.0815064716834126,-152.61579571326723,0.0,False,False,nan,False
159,0.1968523,0.60973644,0.6235405,0.723071,-0.3652857,0.14826459,False,False,1,1,False,48,41,7,1.4562417533680059,-151.15955395989923,1.4562417533680059,-151.15955395989923,0.0,False,False,nan,False
160,0.20309934,0.6253907,0.6161971,0.6978906,-0.35629845,0.17974487,False,False,1,1,False,48,41,7,1.5671113294549184,-149.5924426304443,1.5671113294549184,-149.5924426304443,0.0,False,False,nan,False
161,0.2092597,0.6405069,0.60509074,0.67450184,-0.34479427,0.23008294,False,False,1,1,False,48,41,7,1.9778613217550014,-147.6145813086893,1.9778613217550014,-147.6145813086893,0.0,False,False,nan,False
162,0.21536198,0.6550451,0.597762,0.6490698,-0.33175135,0.26085877,False,False,1,1,False,48,41,7,2.077678509391434,-145.53690279929788,2.077678509391434,-145.53690279929788,0.0,False,False,nan,False
163,0.22140932,0.6690208,0.5907176,0.6242945,-0.31714153,0.29219624,False,False,1,1,False,48,41,7,2.2061238060140353,-143.33077899328384,2.2061238060140353,-143.33077899328384,0.0,False,False,nan,False
164,0.22736636,0.68245614,0.579137,0.60065717,-0.29997087,0.34341362,False,False,1,1,False,48,41,7,2.733468581872161,-140.59731041141168,2.733468581872161,-140.59731041141168,0.0,False,False,nan,False
165,0.23326445,0.6953139,0.5716413,0.5750903,-0.28124344,0.37454858,False,False,1,1,False,48,41,7,2.787687434852701,-137.80962297655898,2.787687434852701,-137.80962297655898,0.0,False,False,nan,False
166,0.23910531,0.70761025,0.564242,0.55019295,-0.26090664,0.40673643,False,False,1,1,False,48,41,7,2.929770291671788,-134.8798526848872,2.929770291671788,-134.8798526848872,0.0,False,False,nan,False
167,0.24487343,0.71933097,0.5549976,0.5246553,-0.23867139,0.44470486,False,False,1,1,False,48,41,7,3.3338622848485513,-131.54599040003865,3.3338622848485513,-131.54599040003865,0.0,False,False,nan,False
168,0.25055027,0.7304831,0.5433746,0.49940014,-0.21404877,0.49245247,False,False,1,1,False,48,41,7,3.765689941928771,-127.78030045810988,3.765689941928771,-127.78030045810988,0.0,False,False,nan,False
169,0.25615883,0.7410702,0.53459656,0.4741271,-0.18759689,0.52903837,False,False,1,1,False,48,41,7,3.776828243320638,-124.00347221478924,3.776828243320638,-124.00347221478924,0.0,False,False,nan,False
170,0.26168108,0.7511005,0.523561,0.4491586,-0.15885465,0.5748448,False,False,1,1,False,48,41,7,4.188585200046448,-119.8148870147428,4.188585200046448,-119.8148870147428,0.0,False,False,nan,False
171,0.2671134,0.7605526,0.5121173,0.4231191,-0.12781337,0.62082595,False,False,1,1,False,48,41,7,4.555177632704074,-115.25970938203872,4.555177632704074,-115.25970938203872,0.0,False,False,nan,False
172,0.2724716,0.76942605,0.50265956,0.3968898,-0.09487421,0.6587837,False,False,1,1,False,48,41,7,4.632900575316769,-110.62680880672195,4.632900575316769,-110.62680880672195,0.0,False,False,nan,False
173,0.27774745,0.7777285,0.4921883,0.3708648,-0.05982683,0.7009486,False,False,1,1,False,48,41,7,4.934540228853309,-105.69226857786865,4.934540228853309,-105.69226857786865,0.0,False,False,nan,False
174,0.28293914,0.78546554,0.48152328,0.3449551,-0.022633374,0.74386966,False,False,1,1,False,48,41,7,5.179569846049305,-100.51269873181934,5.179569846049305,-100.51269873181934,0.0,False,False,nan,False
175,0.2880376,0.79261667,0.46980223,0.3179581,0.016899848,0.7906649,False,False,1,1,False,48,41,7,2.2023318150866387,-98.3103669167327,2.2023318150866387,-98.3103669167327,0.0,False,False,nan,False
176,0.2930436,0.7991827,0.45822817,0.2908133,0.058748353,0.8369708,False,False,1,1,False,48,41,7,-2.546912441311689,-100.8572793580444,-2.546912441311689,-100.8572793580444,0.0,False,False,nan,False
177,0.29795542,0.8051655,0.4465581,0.26356274,0.10293608,0.883756,False,False,1,1,False,48,41,7,-2.761508569081029,-103.61878792712542,-2.761508569081029,-103.61878792712542,0.0,False,False,nan,False
178,0.30279285,0.81056887,0.4374768,0.2363185,0.14894678,0.920215,False,False,1,1,False,48,41,7,-3.174994767511605,-106.79378269463703,-3.174994767511605,-106.79378269463703,0.0,False,False,nan,False
179,0.30754814,0.8153721,0.42755923,0.20797114,0.19700585,0.9611832,False,False,1,1,False,48,41,7,-3.27588950312679,-110.06967219776382,-3.27588950312679,-110.06967219776382,0.0,False,False,nan,False
180,0.312208,0.8195764,0.41611472,0.179436,0.24743865,1.0086578,False,False,1,1,False,48,41,7,-3.401349540515581,-113.4710217382794,-3.401349540515581,-113.4710217382794,0.0,False,False,nan,False
181,0.31676635,0.8231785,0.4041651,0.15052041,0.3003852,1.0589323,False,False,1,1,False,48,41,7,-3.6370187227858524,-117.10804046106526,-3.6370187227858524,-117.10804046106526,0.0,False,False,nan,False
182,0.32123622,0.8261782,0.39405873,0.1214235,0.35551924,1.1026833,False,False,1,1,False,48,41,7,-4.0902363747521795,-121.19827683581744,-4.0902363747521795,-121.19827683581744,0.0,False,False,nan,False
183,0.32563782,0.82858574,0.3868126,0.09276218,0.41225553,1.1347286,False,False,1,1,False,48,41,7,-4.631896403873298,-125.83017323969074,-4.631896403873298,-125.83017323969074,0.0,False,False,nan,False
184,0.32994062,0.83037513,0.37595376,0.06253199,0.47150087,1.1849086,False,False,1,1,False,48,41,7,-4.612978173847011,-130.44315141353775,-4.612978173847011,-130.44315141353775,0.0,False,False,nan,False
185,0.33415014,0.8315612,0.36629096,0.03285084,0.5329603,1.2291925,False,False,1,1,False,48,41,7,-5.106515454061905,-135.54966686759965,-5.106515454061905,-135.54966686759965,0.0,False,False,nan,False
186,0.33826208,0.8321231,0.35635847,0.0019765804,0.59691036,1.2790031,False,False,1,1,False,48,41,7,-5.491470655652448,-141.0411375232521,-5.491470655652448,-141.0411375232521,0.0,False,False,nan,False
187,0.3422882,0.8320573,0.34831515,-0.029140105,0.6631033,1.3238628,False,False,1,1,False,48,41,7,-6.112394632386354,-147.15353215563846,-6.112394632386354,-147.15353215563846,0.0,False,False,nan,False
188,0.346237,0.83137625,0.3418648,-0.059662636,0.73117244,1.3613878,False,False,1,1,False,48,41,7,-6.67500779571975,-153.8285399513582,-6.67500779571975,-153.8285399513582,0.0,False,False,nan,False
189,0.35008565,0.83005744,0.33311668,-0.09158669,0.8018296,1.4131458,False,False,1,1,False,48,41,7,-6.967423308659618,-160.79596326001783,-6.967423308659618,-160.79596326001783,0.0,False,False,nan,False
190,0.3538494,0.8281097,0.3268776,-0.122974664,0.87459046,1.4552224,False,False,1,1,False,48,41,7,-7.6505556935580605,-168.4465189535759,-7.6505556935580605,-168.4465189535759,0.0,False,False,nan,False
191,0.35751763,0.8255073,0.31985733,-0.15580507,0.94998884,1.5079726,False,False,1,1,False,48,41,7,-8.129924658719913,-176.5764436122958,-8.129924658719913,-176.5764436122958,0.0,False,False,nan,False
192,0.36108273,0.82224226,0.3127214,-0.18912934,1.0282084,1.5643977,False,False,1,1,False,48,41,7,-8.663043421827409,-185.23948703412321,-8.663043421827409,-185.23948703412321,0.0,False,False,nan,False
193,0.36455393,0.81830364,0.30732265,-0.22289123,1.1092215,1.6202679,False,False,1,1,False,48,41,7,-9.32918863755293,-194.56867567167615,-9.32918863755293,-194.56867567167615,0.0,False,False,nan,False
194,0.3679263,0.81369156,0.30234763,-0.2565254,1.1929699,1.674977,False,False,1,1,False,48,41,7,-9.808906822315747,-204.3775824939919,-9.808906822315747,-204.3775824939919,0.0,False,False,nan,False
195,0.37122098,0.8084284,0.30057782,-0.28846613,1.2786334,1.7132763,False,False,1,1,False,48,41,7,-10.263626630924163,-214.64120912491606,-10.263626630924163,-214.64120912491606,0.0,False,False,nan,False
196,0.37442893,0.8024673,0.29840496,-0.3227859,1.3671205,1.7697532,False,False,1,1,False,48,41,7,-10.770650041907428,-225.4118591668235,-10.770650041907428,-225.4118591668235,0.0,False,False,nan,False
197,0.37755242,0.7958313,0.2974463,-0.35531518,1.4577432,1.8124628,False,False,1,1,False,48,41,7,-11.004366476532736,-236.41622564335623,-11.004366476532736,-236.41622564335623,0.0,False,False,nan,False
198,0.3805868,0.7884836,0.29670373,-0.38944653,1.551111,1.8673646,False,False,1,1,False,48,41,7,-11.456081152975086,-247.87230679633132,-11.456081152975086,-247.87230679633132,0.0,False,False,nan,False
199,0.38354367,0.78043115,0.2979261,-0.4224936,1.6468093,1.9139792,False,False,1,1,False,48,41,7,-11.743297763117395,-259.6156045594487,-11.743297763117395,-259.6156045594487,0.0,False,False,nan,False
200,0.3864295,0.77167326,0.30042782,-0.454792,1.7445931,1.9556894,False,False,1,1,False,48,41,7,-11.961008695642958,-271.5766132550916,-11.961008695642958,-271.5766132550916,0.0,False,False,nan,False
201,0.38923407,0.76220727,0.3023178,-0.48636398,1.8441954,1.9920588,False,False,1,1,False,48,41,7,-12.032419204792317,-283.6090324598839,-12.032419204792317,-283.6090324598839,0.0,False,False,nan,False
202,0.39198437,0.75197256,0.30764133,-0.5206396,1.9467813,2.0517297,False,False,1,1,True,49,41,8,-12.712441740753915,-296.3214742006378,-12.712441740753915,-296.3214742006378,0.0,False,False,nan,False
203,0.39461803,0.74119306,0.30472523,-0.54070526,2.0467668,1.9997227,False,False,3,1,False,49,41,8,-10.78980674827997,-307.11128094891774,-10.78980674827997,-307.11128094891774,0.0,False,False,nan,False
204,0.39714813,0.72983754,0.3022782,-0.56207764,2.1446927,1.958531,False,False,3,1,False,49,41,8,-10.696858317771186,-317.8081392666889,-10.696858317771186,-317.8081392666889,0.0,False,False,nan,False
205,0.39957514,0.7178909,0.2989114,-0.58381027,2.240637,1.9188983,False,False,3,1,False,49,41,8,-10.462800626591926,-328.2709398932808,-10.462800626591926,-328.2709398932808,0.0,False,False,nan,False
206,0.40189344,0.70534587,0.29389125,-0.60551345,2.3344426,1.8761272,False,False,3,1,False,49,41,8,-10.149582390583502,-338.4205222838643,-10.149582390583502,-338.4205222838643,0.0,False,False,nan,False
207,0.4041213,0.69219047,0.28995305,-0.6277624,2.4264567,1.8402891,False,False,3,1,False,49,41,8,-10.045471707708911,-348.46599399157316,-10.045471707708911,-348.46599399157316,0.0,False,False,nan,False
208,0.40624323,0.678441,0.28300172,-0.6488746,2.5160053,1.7909868,False,False,3,1,False,49,41,8,-9.550721540853514,-358.01671553242664,-9.550721540853514,-358.01671553242664,0.0,False,False,nan,False
209,0.40825835,0.6640802,0.27505845,-0.6708394,2.603189,1.7436903,False,False,3,1,False,49,41,8,-9.33869847611484,-367.35541400854146,-9.33869847611484,-367.35541400854146,0.0,False,False,nan,False
210,0.41016522,0.64909416,0.26607198,-0.69353116,2.6880248,1.6967237,False,False,3,1,False,49,41,8,-9.120541814951904,-376.47595582349334,-9.120541814951904,-376.47595582349334,0.0,False,False,nan,False
211,0.41199398,0.6334734,0.2599162,-0.7169696,2.771185,1.6632124,False,False,3,1,False,49,41,8,-9.110600974916023,-385.58655679840933,-9.110600974916023,-385.58655679840933,0.0,False,False,nan,False
212,0.413721,0.6172045,0.25014952,-0.74098456,2.8521266,1.6188447,False,False,3,1,False,49,41,8,-8.805799161441795,-394.3923559598511,-8.805799161441795,-394.3923559598511,0.0,False,False,nan,False
213,0.41535598,0.6002806,0.24085334,-0.765572,2.9310274,1.5780274,False,False,3,1,False,49,41,8,-8.66285604869111,-403.0552120085422,-8.66285604869111,-403.0552120085422,0.0,False,False,nan,False
214,0.41688567,0.5827031,0.22918937,-0.79027516,3.0074565,1.5285887,False,False,3,1,False,49,41,8,-8.350634958702328,-411.4058469672445,-8.350634958702328,-411.4058469672445,0.0,False,False,nan,False
215,0.41833973,0.5644751,0.22058149,-0.81520236,3.0820568,1.4920138,False,False,3,1,False,49,41,8,-8.27006216134336,-419.6759091285878,-8.27006216134336,-419.6759091285878,0.0,False,False,nan,False
216,0.41971904,0.54557496,0.2116123,-0.8413321,3.1548195,1.45526,False,False,3,1,False,49,41,8,-8.182853001051994,-427.8587621296398,-8.182853001051994,-427.8587621296398,0.0,False,False,nan,False
217,0.421035,0.5260069,0.20354882,-0.867529,3.2259371,1.4223564,False,False,3,1,False,49,41,8,-8.03875496500953,-435.8975170946493,-8.03875496500953,-435.8975170946493,0.0,False,False,nan,False
218,0.42227125,0.50576663,0.1930534,-0.8942133,3.2949266,1.3797967,False,False,3,1,False,49,41,8,-7.81279306499195,-443.7103101596412,-7.81279306499195,-443.7103101596412,0.0,False,False,nan,False
219,0.42344713,0.48484913,0.1845662,-0.92138237,3.362175,1.344973,False,False,3,1,False,49,41,8,-7.727514414899217,-451.4378245745404,-7.727514414899217,-451.4378245745404,0.0,False,False,nan,False
220,0.42454833,0.46325457,0.17398873,-0.9489005,3.427254,1.3015875,False,False,3,1,False,49,41,8,-7.505202636876532,-458.9430272114169,-7.505202636876532,-458.9430272114169,0.0,False,False,nan,False
221,0.42558354,0.44097543,0.16424248,-0.97704977,3.4902716,1.2603592,False,False,3,1,False,49,41,8,-7.383459060292096,-466.326486271709,-7.383459060292096,-466.326486271709,0.0,False,False,nan,False
222,0.42657012,0.4180024,0.1563501,-1.0058378,3.5515,1.224575,False,False,3,1,False,49,41,8,-7.307458905824801,-473.63394517753375,-7.307458905824801,-473.63394517753375,0.0,False,False,nan,False
223,0.42748833,0.39433938,0.14591888,-1.0348773,3.6104271,1.178545,False,False,3,1,False,49,41,8,-7.078295003999556,-480.7122401815333,-7.078295003999556,-480.7122401815333,0.0,False,False,nan,False
224,0.42834988,0.369988,0.13684861,-1.0640709,3.667276,1.13698,False,False,3,1,False,49,41,8,-6.929351971291026,-487.6415921528243,-6.929351971291026,-487.6415921528243,0.0,False,False,nan,False
225,0.429173,0.34495512,0.1299697,-1.0930825,3.7224636,1.1037594,False,False,3,1,False,49,41,8,-6.803967046929556,-494.4455591997538,-6.803967046929556,-494.4455591997538,0.0,False,False,nan,False
226,0.4299468,0.31921408,0.12148005,-1.1237339,3.7753801,1.0583376,False,False,3,1,False,49,41,8,-6.75864995591533,-501.2042091556691,-6.75864995591533,-501.2042091556691,0.0,False,False,nan,False
227,0.43066987,0.29276234,0.11285712,-1.154813,3.825897,1.0103365,False,False,3,1,False,49,41,8,-6.611366502632932,-507.815575658302,-6.611366502632932,-507.815575658302,0.0,False,False,nan,False
228,0.43134946,0.26562068,0.105324104,-1.1850594,3.8743713,0.969485,False,False,3,1,False,49,41,8,-6.400844275312038,-514.216419933614,-6.400844275312038,-514.216419933614,0.0,False,False,nan,False
229,0.43199378,0.2377757,0.09866412,-1.216138,3.9207218,0.92701197,False,False,3,1,False,49,41,8,-6.358833480838853,-520.5752534144528,-6.358833480838853,-520.5752534144528,0.0,False,False,nan,False
230,0.43259373,0.2092289,0.09111666,-1.2474397,3.9647517,0.8805995,False,False,3,1,False,49,41,8,-6.238607773257541,-526.8138611877104,-6.238607773257541,-526.8138611877104,0.0,False,False,nan,False
231,0.43316776,0.1799944,0.08587567,-1.2780449,4.0069637,0.844241,False,False,3,1,False,49,41,8,-6.121657828014263,-532.9355190157246,-6.121657828014263,-532.9355190157246,0.0,False,False,nan,False
232,0.43371448,0.15007232,0.08060006,-1.3088163,4.0472984,0.80669975,False,False,3,1,False,49,41,8,-6.0872045566747195,-539.0227235723993,-6.0872045566747195,-539.0227235723993,0.0,False,False,nan,False
233,0.4342164,0.11943728,0.07325188,-1.3412664,4.0849967,0.75396925,False,False,3,1,False,49,41,8,-6.136672009985232,-545.1593955823845,-6.136672009985232,-545.1593955823845,0.0,False,False,nan,False
234,0.43467864,0.088080965,0.066563934,-1.374282,4.11996,0.69926256,False,False,3,1,False,49,41,8,-6.1060620734049555,-551.2654576557894,-6.1060620734049555,-551.2654576557894,0.0,False,False,nan,False
235,0.43510532,0.056033287,0.06080684,-1.4057873,4.152757,0.65594685,True,False,3,1,False,49,41,8,4.050831944241936,-547.2146257115475,4.050831944241936,-547.2146257115475,0.0,False,False,nan,False
236,0.44060296,0.041147742,0.69294703,-0.42102137,4.0476623,-3.2183106,True,False,3,1,False,49,41,8,-100,-647.2146257115475,-100,-647.2146257115475,0.0,True,False,nan,False
