step,x,y,vx,vy,angle,angular_velocity,left_leg_contact,right_leg_contact,navigation_action,current_fps,fresh_observation,n_fresh_observations,n_fresh_observations_before_touchdown,n_fresh_observations_after_touchdown,instant_nav_reward,cumulative_nav_reward,instant_adaptive_reward,cumulative_adaptive_reward,instant_frame_penalty,terminated,truncated,vy_at_touchdown,success
1,0.0034739494,1.3951256,0.16995522,-0.3635823,-0.0021356978,-0.0017062172,False,False,1,10,True,2,2,0,-1.0351302335737944,-1.0351302335737944,-1.0351302335737944,-1.0351302335737944,0.0,False,False,nan,False
2,0.0050868033,1.3863561,0.1591808,-0.38975585,-5.9690476e-05,0.04152405,False,False,1,10,False,2,2,0,-0.9124185856425686,-1.947548819216363,-0.9124185856425686,-1.947548819216363,0.0,False,False,nan,False
3,0.0066361427,1.3769823,0.1512308,-0.416618,0.0036082822,0.073366605,False,False,1,10,False,2,2,0,-1.668989952819344,-3.6165387720357067,-1.668989952819344,-3.6165387720357067,0.0,False,False,nan,False
4,0.008123207,1.3669965,0.14341138,-0.4438383,0.008841965,0.104683146,False,False,1,10,False,2,2,0,-1.877149124296493,-5.4936878963322,-1.877149124296493,-5.4936878963322,0.0,False,False,nan,False
5,0.009544754,1.3564025,0.13519508,-0.47089738,0.01572008,0.13757496,False,False,1,10,False,2,2,0,-2.008159123452826,-7.501847019785027,-2.008159123452826,-7.501847019785027,0.0,False,False,nan,False
6,0.010870648,1.3452022,0.12321488,-0.49791968,0.024996467,0.18554482,False,False,1,10,True,3,3,0,-2.140444712397907,-9.642291732182933,-2.140444712397907,-9.642291732182933,0.0,False,False,nan,False
7,0.012260342,1.3334072,0.13121162,-0.52437,0.032660265,0.15329057,False,False,3,10,False,3,3,0,-2.3779859768063702,-12.020277708989303,-2.3779859768063702,-12.020277708989303,0.0,False,False,nan,False
8,0.013747501,1.3210174,0.14345995,-0.5507829,0.037862293,0.10405032,False,False,3,10,False,3,3,0,-2.1749782870709553,-14.195255996060258,-2.1749782870709553,-14.195255996060258,0.0,False,False,nan,False
9,0.015319538,1.3080287,0.15409985,-0.5773623,0.04092863,0.061332203,False,False,3,10,False,3,3,0,-1.880966543605324,-16.076222539665583,-1.880966543605324,-16.076222539665583,0.0,False,False,nan,False
10,0.016968632,1.2944405,0.16377123,-0.60394883,0.042054866,0.022526883,False,False,3,10,False,3,3,0,-1.6045885885785924,-17.680811128244176,-1.6045885885785924,-17.680811128244176,0.0,False,False,nan,False
11,0.018694496,1.2802483,0.1733981,-0.63074106,0.04125474,-0.016004007,False,False,3,10,True,4,4,0,-1.3714741896608575,-19.052285317905035,-1.3714741896608575,-19.052285317905035,0.0,False,False,nan,False
12,0.020349026,1.2654577,0.16444497,-0.6573809,0.042248175,0.019870292,False,False,1,10,False,4,4,0,-1.0025387939564598,-20.054824111861496,-1.0025387939564598,-20.054824111861496,0.0,False,False,nan,False
13,0.021931171,1.2500544,0.15537438,-0.6846846,0.045066077,0.056363206,False,False,1,10,False,4,4,0,-1.2199013655951763,-21.274725477456673,-1.2199013655951763,-21.274725477456673,0.0,False,False,nan,False
14,0.023438836,1.2340413,0.14603035,-0.7118347,0.049760528,0.093897104,False,False,1,10,False,4,4,0,-1.3578116907380025,-22.632537168194677,-1.3578116907380025,-22.632537168194677,0.0,False,False,nan,False
15,0.024872016,1.2174134,0.13667722,-0.7392532,0.05633725,0.13154648,False,False,1,10,False,4,4,0,-1.5403087133137763,-24.172845881508454,-1.5403087133137763,-24.172845881508454,0.0,False,False,nan,False
16,0.02621479,1.2001854,0.1253426,-0.7660479,0.06517912,0.17685358,False,False,1,10,True,5,5,0,-1.6398739837335927,-25.812719865242048,-1.6398739837335927,-25.812719865242048,0.0,False,False,nan,False
17,0.02761898,1.1823651,0.13306727,-0.792351,0.072460294,0.14563695,False,False,3,10,False,5,5,0,-1.7009491728332466,-27.513669038075296,-1.7009491728332466,-27.513669038075296,0.0,False,False,nan,False
18,0.0291008,1.1639524,0.14282663,-0.81861293,0.07777591,0.10632179,False,False,3,10,False,5,5,0,-1.4776433906096418,-28.99131242868494,-1.4776433906096418,-28.99131242868494,0.0,False,False,nan,False
19,0.030655194,1.1449586,0.15195921,-0.8443539,0.08123665,0.069221154,False,False,3,10,False,5,5,0,-1.1753370570691846,-30.166649485754125,-1.1753370570691846,-30.166649485754125,0.0,False,False,nan,False
20,0.032287408,1.1253734,0.16170678,-0.870542,0.08273412,0.029952014,False,False,3,10,False,5,5,0,-0.9779373518280454,-31.14458683758217,-0.9779373518280454,-31.14458683758217,0.0,False,False,nan,False
21,0.033999063,1.1051934,0.17167744,-0.8968594,0.082229376,-0.010095646,False,False,3,10,True,6,6,0,-0.7384478134494248,-31.883034651031597,-0.7384478134494248,-31.883034651031597,0.0,False,False,nan,False
22,0.03558006,1.0850811,0.15904617,-0.89382046,0.08128952,-0.018798996,False,False,2,10,False,6,6,0,2.327419623282549,-29.55561502774905,2.327419623282549,-29.55561502774905,0.0,False,False,nan,False
23,0.036952306,1.0657969,0.13878734,-0.8569994,0.07974308,-0.030931542,False,False,2,10,False,6,6,0,5.74693482692619,-23.80868020082286,5.74693482692619,-23.80868020082286,0.0,False,False,nan,False
24,0.038197614,1.0471003,0.12638898,-0.83085716,0.07790312,-0.036802255,False,False,2,10,False,6,6,0,4.522979891496914,-19.285700309325946,4.522979891496914,-19.285700309325946,0.0,False,False,nan,False
25,0.0395401,1.0293094,0.1352922,-0.7906519,0.07687293,-0.020604078,False,False,2,10,False,6,6,0,5.403010176200707,-13.88269013312524,5.403010176200707,-13.88269013312524,0.0,False,False,nan,False
26,0.04083862,1.0123768,0.1307507,-0.7525127,0.07598566,-0.017745484,False,False,2,50,True,7,7,0,5.311190935999702,-8.57149919712554,5.311190935999702,-8.57149919712554,0.0,False,False,nan,False
27,0.04204445,0.9948358,0.11911826,-0.77967876,0.07743556,0.028997734,False,False,1,50,True,8,8,0,-0.9211857332005582,-9.492684930326098,-0.9211857332005582,-9.492684930326098,0.0,False,False,nan,False
28,0.043067932,0.97733045,0.10158284,-0.7780511,0.07819647,0.0152183045,False,False,2,50,True,9,9,0,1.7755252383187041,-7.717159692007393,1.7755252383187041,-7.717159692007393,0.0,False,False,nan,False
29,0.044083692,0.95995945,0.1006642,-0.77209646,0.07909866,0.018043308,False,False,2,50,True,10,10,0,1.9429015945767787,-5.774258097430614,1.9429015945767787,-5.774258097430614,0.0,False,False,nan,False
30,0.044909764,0.94326943,0.082260504,-0.74179846,0.07943846,0.0067962566,False,False,2,50,True,11,11,0,4.557882943629505,-1.216375153801109,4.557882943629505,-1.216375153801109,0.0,False,False,nan,False
31,0.04576082,0.9273029,0.08432462,-0.7096601,0.08021821,0.015594868,False,False,2,50,True,12,12,0,4.382000966249035,3.165625812447926,4.382000966249035,3.165625812447926,0.0,False,False,nan,False
32,0.0466486,0.91140765,0.08765553,-0.7065204,0.08133313,0.022298463,False,False,2,50,True,13,13,0,1.443097249944185,4.608723062392111,1.443097249944185,4.608723062392111,0.0,False,False,nan,False
33,0.04742422,0.89624107,0.07662215,-0.67412174,0.082264006,0.018617567,False,False,2,50,True,14,14,0,4.464979709190328,9.07370277158244,4.464979709190328,9.07370277158244,0.0,False,False,nan,False
34,0.04819975,0.8804744,0.076622166,-0.7007885,0.083194904,0.018617548,False,False,0,50,True,15,15,0,-1.173129960588625,7.900572810993815,-1.173129960588625,7.900572810993815,0.0,False,False,nan,False
35,0.048851393,0.86490625,0.0645946,-0.6919501,0.08375907,0.011283094,False,False,2,50,True,16,16,0,2.1950066199233733,10.095579430917187,2.1950066199233733,10.095579430917187,0.0,False,False,nan,False
36,0.049362946,0.8494453,0.05105201,-0.6871599,0.08386005,0.0020194822,False,False,2,50,True,17,17,0,1.8210232816990526,11.916602712616239,1.8210232816990526,11.916602712616239,0.0,False,False,nan,False
37,0.04984083,0.8346459,0.04751237,-0.6577635,0.08413202,0.005439487,False,False,2,50,True,18,18,0,4.105017435068771,16.02162014768501,4.105017435068771,16.02162014768501,0.0,False,False,nan,False
38,0.050408937,0.81925106,0.0588188,-0.68410814,0.082137555,-0.039889418,False,False,3,50,True,19,19,0,-1.0128091873893073,15.008810960295703,-1.0128091873893073,15.008810960295703,0.0,False,False,nan,False
39,0.050976943,0.8032562,0.05881884,-0.71077514,0.08014307,-0.03988939,False,False,0,50,True,20,20,0,-0.8649847644463762,14.143826195849327,-0.8649847644463762,14.143826195849327,0.0,False,False,nan,False
40,0.05155907,0.7877566,0.0598823,-0.68878233,0.07848391,-0.03318351,False,False,2,50,True,21,21,0,3.5913434244927886,17.735169620342116,3.5913434244927886,17.735169620342116,0.0,False,False,nan,False
41,0.052141093,0.7716571,0.05988233,-0.7154493,0.076824725,-0.033183478,False,False,0,50,True,22,22,0,-0.88858390786271,16.846585712479406,-0.88858390786271,16.846585712479406,0.0,False,False,nan,False
42,0.052572917,0.7562738,0.045238014,-0.68360215,0.074784204,-0.04081047,False,False,2,50,True,23,23,0,4.721187782226264,21.56777349470567,4.721187782226264,21.56777349470567,0.0,False,False,nan,False
43,0.05300474,0.7402904,0.045238055,-0.7102691,0.07274367,-0.04081049,False,False,0,50,True,24,24,0,-0.8657036526144566,20.702069842091213,-0.8657036526144566,20.702069842091213,0.0,False,False,nan,False
44,0.053387545,0.7250163,0.04027514,-0.67875445,0.0707711,-0.039451532,False,False,2,10,True,25,25,0,4.593888849862037,25.29595869195325,4.593888849862037,25.29595869195325,0.0,False,False,nan,False
45,0.053770352,0.70914215,0.04027518,-0.7054214,0.06879853,-0.03945149,False,False,0,10,False,25,25,0,-0.8847893139538314,24.411169377999418,-0.8847893139538314,24.411169377999418,0.0,False,False,nan,False
46,0.054153156,0.69266814,0.04027521,-0.7320883,0.06682595,-0.03945149,False,False,0,10,False,25,25,0,-0.8256547613800649,23.585514616619353,-0.8256547613800649,23.585514616619353,0.0,False,False,nan,False
47,0.054535866,0.6755941,0.04027524,-0.7587553,0.064853385,-0.03945148,False,False,0,10,False,25,25,0,-0.7665467510376516,22.8189678655817,-0.7665467510376516,22.8189678655817,0.0,False,False,nan,False
48,0.05491867,0.6579203,0.040275272,-0.7854223,0.062880814,-0.039451458,False,False,0,10,False,25,25,0,-0.7074976219142854,22.111470243667416,-0.7074976219142854,22.111470243667416,0.0,False,False,nan,False
49,0.055301476,0.63964635,0.040275306,-0.81208926,0.060908247,-0.03945144,False,False,0,10,True,26,26,0,-0.6484616021436977,21.463008641523718,-0.6484616021436977,21.463008641523718,0.0,False,False,nan,False
50,0.05560694,0.62222,0.032628745,-0.7744229,0.05885072,-0.041150674,False,False,2,10,False,26,26,0,5.436761191272081,26.899769832795798,5.436761191272081,26.899769832795798,0.0,False,False,nan,False
51,0.05590973,0.60536456,0.0321574,-0.749055,0.056993425,-0.037145764,False,False,2,10,False,26,26,0,4.098117510962834,30.99788734375863,4.098117510962834,30.99788734375863,0.0,False,False,nan,False
52,0.05626755,0.58849114,0.03729894,-0.74987376,0.055492606,-0.030016545,False,False,2,10,False,26,26,0,1.421097680259362,32.41898502401799,1.421097680259362,32.41898502401799,0.0,False,False,nan,False
53,0.05643482,0.5722061,0.018930217,-0.72369826,0.05331536,-0.043544788,False,False,2,10,False,26,26,0,4.2224859237048635,36.64147094772286,4.2224859237048635,36.64147094772286,0.0,False,False,nan,False
54,0.05638828,0.5564031,-0.0016280314,-0.7022493,0.050328765,-0.05973211,False,False,2,10,True,27,27,0,3.7410455332341543,40.382516480957015,3.7410455332341543,40.382516480957015,0.0,False,False,nan,False
55,0.056499768,0.54061145,0.013332374,-0.70178103,0.048166834,-0.043238442,False,False,2,10,False,27,27,0,1.5202686049261274,41.902785085883146,1.5202686049261274,41.902785085883146,0.0,False,False,nan,False
56,0.056770705,0.52481997,0.028452465,-0.70179874,0.046831448,-0.026707834,False,False,2,10,False,27,27,0,1.3542079111281111,43.25699299701126,1.3542079111281111,43.25699299701126,0.0,False,False,nan,False
57,0.056972217,0.50911087,0.021721087,-0.6981334,0.04527326,-0.031163549,False,False,2,10,False,27,27,0,1.8055067775680242,45.06249977457929,1.8055067775680242,45.06249977457929,0.0,False,False,nan,False
58,0.056995295,0.49381694,0.0045756204,-0.679666,0.043032818,-0.044808857,False,False,2,10,False,27,27,0,3.32237867232129,48.38487844690058,3.32237867232129,48.38487844690058,0.0,False,False,nan,False
59,0.056922816,0.47903153,-0.0046861325,-0.65705806,0.040497918,-0.050698005,False,False,2,10,True,28,28,0,3.683500253054004,52.068378699954586,3.683500253054004,52.068378699954586,0.0,False,False,nan,False
60,0.056905173,0.46505335,0.00037647385,-0.62119615,0.038393166,-0.04209501,False,False,2,10,False,28,28,0,4.8863009676351625,56.95467966758975,4.8863009676351625,56.95467966758975,0.0,False,False,nan,False
61,0.056936074,0.45154503,0.0048660715,-0.6003249,0.036639236,-0.035078663,False,False,2,10,False,28,28,0,3.300704107235629,60.25538377482538,3.300704107235629,60.25538377482538,0.0,False,False,nan,False
62,0.056954194,0.4387521,0.0034863576,-0.56853396,0.03497459,-0.03329257,False,False,2,10,False,28,28,0,4.31518584958381,64.57056962440919,4.31518584958381,64.57056962440919,0.0,False,False,nan,False
63,0.0570034,0.42651996,0.006341624,-0.543619,0.033580076,-0.027890256,False,False,2,10,False,28,28,0,3.540419998686258,68.11098962309545,3.540419998686258,68.11098962309545,0.0,False,False,nan,False
64,0.05692158,0.41488317,-0.006284303,-0.51714844,0.031703316,-0.037535287,False,False,2,10,True,29,29,0,3.6888589043293623,71.79984852742481,3.6888589043293623,71.79984852742481,0.0,False,False,nan,False
65,0.056839753,0.40264642,-0.00628429,-0.54381543,0.02982656,-0.037535284,False,False,0,10,False,29,29,0,-1.2657116870218204,70.534136840403,-1.2657116870218204,70.534136840403,0.0,False,False,nan,False
66,0.056757927,0.38980973,-0.0062842765,-0.5704824,0.027949793,-0.037535276,False,False,0,10,False,29,29,0,-1.2070111923751057,69.32712564802789,-1.2070111923751057,69.32712564802789,0.0,False,False,nan,False
67,0.056676008,0.37637317,-0.0062842644,-0.5971493,0.026073039,-0.037535246,False,False,0,10,False,29,29,0,-1.1485001765631608,68.17862547146473,-1.1485001765631608,68.17862547146473,0.0,False,False,nan,False
68,0.05659418,0.36233655,-0.0062842527,-0.62381625,0.024196273,-0.03753526,False,False,0,10,False,29,29,0,-1.090191690741392,67.08843378072334,-1.090191690741392,67.08843378072334,0.0,False,False,nan,False
69,0.056512356,0.3477,-0.0062842416,-0.65048313,0.022319514,-0.037535228,False,False,0,10,True,30,30,0,-1.0321715783805132,66.05626220234282,-1.0321715783805132,66.05626220234282,0.0,False,False,nan,False
70,0.05626955,0.33310077,-0.021670356,-0.64882,0.01974241,-0.051541936,False,False,2,10,False,30,30,0,1.5351357847794247,67.59139798712225,1.5351357847794247,67.59139798712225,0.0,False,False,nan,False
71,0.055977535,0.31862462,-0.026410054,-0.64334905,0.016981702,-0.05521422,False,False,2,10,False,30,30,0,1.936713569271913,69.52811155639417,1.936713569271913,69.52811155639417,0.0,False,False,nan,False
72,0.055629157,0.30443475,-0.031820238,-0.63062966,0.014007387,-0.059486162,False,False,2,10,False,30,30,0,2.6462209472068823,72.17433250360105,2.6462209472068823,72.17433250360105,0.0,False,False,nan,False
73,0.055122755,0.291144,-0.046950944,-0.5906694,0.010367135,-0.072805114,False,False,2,10,False,30,30,0,5.269899942135294,77.44423244573635,5.269899942135294,77.44423244573635,0.0,False,False,nan,False
74,0.054780196,0.278334,-0.031373464,-0.56931347,0.0075193457,-0.056955677,False,False,2,5,True,31,31,0,3.484569954297709,80.92880240003406,3.484569954297709,80.92880240003406,0.0,False,False,nan,False
75,0.054387283,0.26553485,-0.036185138,-0.56884223,0.00445307,-0.0613255,False,False,2,5,False,31,31,0,1.2877653491840817,82.21656774921814,1.2877653491840817,82.21656774921814,0.0,False,False,nan,False
76,0.053881742,0.25288612,-0.04693119,-0.56215674,0.000876271,-0.07153608,False,False,2,5,False,31,31,0,1.8941290210194637,84.11069677023761,1.8941290210194637,84.11069677023761,0.0,False,False,nan,False
77,0.053347874,0.24071954,-0.04963893,-0.5407404,-0.0028286087,-0.07409759,False,False,2,5,False,31,31,0,2.8148511638420333,86.92554793407965,2.8148511638420333,86.92554793407965,0.0,False,False,nan,False
78,0.052899934,0.22901216,-0.04142391,-0.52033883,-0.0061441814,-0.06631153,False,False,2,5,False,31,31,0,2.623093108846146,89.5486410429258,2.623093108846146,89.5486410429258,0.0,False,False,nan,False
79,0.052521896,0.21810967,-0.03474734,-0.48457143,-0.0091633,-0.060382523,False,False,2,5,False,31,31,0,4.084852260092487,93.63349330301828,4.084852260092487,93.63349330301828,0.0,False,False,nan,False
80,0.052186392,0.20785132,-0.030648474,-0.45594808,-0.0120200375,-0.057134837,False,False,2,5,False,31,31,0,3.3023640336639604,96.93585733668225,3.3023640336639604,96.93585733668225,0.0,False,False,nan,False
81,0.05196972,0.19832613,-0.019283261,-0.42336133,-0.014376757,-0.047134187,False,False,2,5,False,31,31,0,3.7100413317638727,100.64589866844612,3.7100413317638727,100.64589866844612,0.0,False,False,nan,False
82,0.051807977,0.1888881,-0.014008719,-0.41949064,-0.01650928,-0.042650513,False,False,2,5,False,31,31,0,0.8101276316585426,101.45602630010467,0.8101276316585426,101.45602630010467,0.0,False,False,nan,False
83,0.05169878,0.18030697,-0.008938749,-0.38140935,-0.018473245,-0.03927926,False,False,2,5,False,31,31,0,4.15383090190596,105.60985720201063,4.15383090190596,105.60985720201063,0.0,False,False,nan,False
84,0.05172024,0.17235862,0.003591578,-0.3532796,-0.019902555,-0.028586108,False,False,2,5,True,32,32,0,3.140791404520596,108.75064860653123,3.140791404520596,108.75064860653123,0.0,False,False,nan,False
85,0.051661395,0.16380273,-0.006479061,-0.38025114,-0.019317776,0.0116956085,False,False,1,5,False,32,32,0,-1.8528726107162459,106.89777599581498,-1.8528726107162459,106.89777599581498,0.0,False,False,nan,False
86,0.051513292,0.1546486,-0.017667327,-0.40681455,-0.016492039,0.05651464,False,False,1,5,False,32,32,0,-1.561206978604729,105.33656901721025,-1.561206978604729,105.33656901721025,0.0,False,False,nan,False
87,0.0513011,0.14490023,-0.02572389,-0.43321973,-0.012051454,0.08881187,False,False,1,5,False,32,32,0,-1.3355341707503203,104.00103484645993,-1.3355341707503203,104.00103484645993,0.0,False,False,nan,False
88,0.05099287,0.13454562,-0.03776431,-0.46016297,-0.0052010342,0.13700834,False,False,1,5,False,32,32,0,-1.134780862869653,102.86625398359028,-1.134780862869653,102.86625398359028,0.0,False,False,nan,False
89,0.05059576,0.123602994,-0.048916742,-0.4863365,0.003883748,0.18169554,False,False,1,5,False,32,32,0,-1.5736049200222897,101.29264906356799,-1.5736049200222897,101.29264906356799,0.0,False,False,nan,False
90,0.050117113,0.11205562,-0.059135336,-0.51328146,0.015015282,0.22263059,False,False,1,5,False,32,32,0,-2.8512824869253053,98.4413665766427,-2.8512824869253053,98.4413665766427,0.0,False,False,nan,False
91,0.049561404,0.09991873,-0.06879525,-0.5396004,0.028079031,0.26127487,False,False,1,5,False,32,32,0,-2.9437776475303807,95.49758892911231,-2.9437776475303807,95.49758892911231,0.0,False,False,nan,False
92,0.048921965,0.08717824,-0.079309836,-0.5666036,0.043251008,0.30343953,False,False,1,5,False,32,32,0,-3.2063043418093984,92.29128458730291,-3.2063043418093984,92.29128458730291,0.0,False,False,nan,False
93,0.048203945,0.073833786,-0.08914837,-0.59367806,0.060397767,0.34293526,False,False,1,5,False,32,32,0,-3.386274443291724,88.90501014401119,-3.386274443291724,88.90501014401119,0.0,False,False,nan,False
94,0.047397804,0.059881292,-0.100206114,-0.6210148,0.07976974,0.38743955,False,False,1,5,True,33,33,0,-3.6578666957347665,85.24714344827642,-3.6578666957347665,85.24714344827642,0.0,False,False,nan,False
95,0.04646349,0.046271976,-0.11261362,-0.60599357,0.09878305,0.38026673,False,False,2,5,False,33,33,0,0.14612565053344612,85.39326909880987,0.14612565053344612,85.39326909880987,0.0,False,False,nan,False
96,0.045309067,0.0331632,-0.13391688,-0.58393705,0.11711716,0.3666823,False,False,2,5,False,33,33,0,0.5363179798265605,85.92958707863643,0.5363179798265605,85.92958707863643,0.0,False,False,nan,False
97,0.044104766,0.020689068,-0.1390788,-0.55597585,0.13566706,0.37099814,False,False,2,5,False,33,33,0,1.1871708934805383,87.11675797211697,1.1871708934805383,87.11675797211697,0.0,False,False,nan,False
98,0.042792223,0.00884547,-0.14985658,-0.52817893,0.15423489,0.37135667,False,True,2,5,False,33,33,0,-100,-12.883242027883028,-100.0,-12.883242027883028,0.0,False,False,0.52817893,False
99,0.041213132,-0.0012471819,-0.15958586,-0.44945696,0.15372317,-0.0131993815,False,True,2,5,False,33,33,0,7.20551845924926,-5.677723568633769,7.20551845924926,-5.677723568633769,0.0,False,False,nan,False
100,0.039466668,-0.010385182,-0.15515049,-0.40420446,0.13452615,-0.38362285,False,True,2,5,False,33,33,0,6.060829705245337,0.383106136611568,6.060829705245337,0.383106136611568,0.0,False,False,nan,False
101,0.037454605,-0.017947223,-0.16243017,-0.3330479,0.096070185,-0.76900905,True,True,2,5,False,33,33,0,19.714578067901943,20.097684204513513,19.714578067901943,20.097684204513513,0.0,False,False,nan,False
102,0.035278797,-0.02356942,-0.17759943,-0.24794202,0.057611223,-0.7677843,True,True,2,5,False,33,33,0,10.012337346556325,30.11002155106984,10.012337346556325,30.11002155106984,0.0,False,False,nan,False
103,0.03300934,-0.02759048,-0.18934834,-0.17771865,0.020472502,-0.74276453,True,True,2,5,False,33,33,0,7.884568014698904,37.99458956576874,7.884568014698904,37.99458956576874,0.0,False,False,nan,False
104,0.030984115,-0.030251946,-0.17093232,-0.11817603,-0.010690735,-0.62324923,True,True,2,1,True,34,33,1,5.837932011082022,43.832521576850766,5.837932011082022,43.832521576850766,0.0,False,False,nan,False
105,0.02912655,-0.031279232,-0.16377027,-0.045969833,-0.032385916,-0.43388623,True,True,2,1,False,34,33,1,1.3574376127079801,45.18995918955875,1.3574376127079801,45.18995918955875,0.0,False,False,nan,False
106,0.027578067,-0.03149066,-0.14458016,-0.009652829,-0.04253357,-0.20294556,True,True,2,1,False,34,33,1,1.2931102419810088,46.48306943153976,1.2931102419810088,46.48306943153976,0.0,False,False,nan,False
107,0.02631693,-0.030226983,-0.12652871,0.05617621,-0.042118568,0.008305102,True,True,2,1,False,34,33,1,0.5659664920743281,47.04903592361409,0.5659664920743281,47.04903592361409,0.0,False,False,nan,False
108,0.02520361,-0.027662005,-0.1155351,0.114113435,-0.03795295,0.08332103,True,True,2,1,False,34,33,1,-2.0128774910046223,45.03615843260947,-2.0128774910046223,45.03615843260947,0.0,False,False,nan,False
109,0.024279308,-0.024415424,-0.0957514,0.14437814,-0.03466607,0.06574698,True,True,2,1,False,34,33,1,-0.7578140477298689,44.2783443848796,-0.7578140477298689,44.2783443848796,0.0,False,False,nan,False
110,0.023412514,-0.020937528,-0.08982505,0.15464453,-0.03154699,0.062387943,True,True,2,1,False,34,33,1,-0.24529643060229417,44.03304795427731,-0.24529643060229417,44.03304795427731,0.0,False,False,nan,False
111,0.02253971,-0.016779175,-0.090266235,0.18487538,-0.02859192,0.05910678,False,False,2,1,False,34,33,1,-22.36311563714773,21.66993231712958,-22.36311563714773,21.66993231712958,0.0,False,False,nan,False
112,0.021846866,-0.011667921,-0.072996095,0.22723432,-0.024921222,0.07342065,False,False,2,1,False,34,33,1,-2.8933306024769356,18.776601714652642,-2.8933306024769356,18.776601714652642,0.0,False,False,nan,False
113,0.021139812,-0.0059614684,-0.07423207,0.2536773,-0.021423496,0.0699607,False,False,2,1,False,34,33,1,-2.234340052319676,16.542261662332965,-2.234340052319676,16.542261662332965,0.0,False,False,nan,False
114,0.020269204,0.00035055637,-0.089709505,0.28056878,-0.018805072,0.052373152,False,False,2,1,False,34,33,1,-2.893598740176979,13.648662922155985,-2.893598740176979,13.648662922155985,0.0,False,False,nan,False
115,0.019459914,0.00742347,-0.08378203,0.314385,-0.015983714,0.056432366,False,False,2,1,False,34,33,1,-3.1529679019056855,10.495695020250299,-3.1529679019056855,10.495695020250299,0.0,False,False,nan,False
116,0.01876316,0.01542779,-0.07298934,0.35577622,-0.012713373,0.065413,False,False,2,1,False,34,33,1,-4.102214484751403,6.393480535498896,-4.102214484751403,6.393480535498896,0.0,False,False,nan,False
117,0.01825571,0.024158416,-0.05488922,0.38805878,-0.008599635,0.082282156,False,False,2,1,False,34,33,1,-3.3610567870875085,3.0324237484113876,-3.3610567870875085,3.0324237484113876,0.0,False,False,nan,False
118,0.017653847,0.033473548,-0.06384927,0.41402206,-0.0049810787,0.072377674,False,False,2,1,False,34,33,1,-3.393964241623965,-0.3615404932125772,-3.393964241623965,-0.3615404932125772,0.0,False,False,nan,False
119,0.017184447,0.043109473,-0.05121119,0.42827213,-0.0007509659,0.08460962,False,False,2,1,False,34,33,1,-1.9741239285262708,-2.335664421738848,-1.9741239285262708,-2.335664421738848,0.0,False,False,nan,False
120,0.016539097,0.052863203,-0.06795761,0.43349522,0.002631236,0.06765012,False,False,2,1,False,34,33,1,-2.132859568429626,-4.468523990168474,-2.132859568429626,-4.468523990168474,0.0,False,False,nan,False
121,0.015955448,0.06304294,-0.062073737,0.4524186,0.00630829,0.07354756,False,False,2,1,False,34,33,1,-3.418512236498752,-7.887036226667226,-3.418512236498752,-7.887036226667226,0.0,False,False,nan,False
122,0.015380097,0.07388028,-0.061302356,0.4816416,0.010037974,0.074600264,False,False,2,1,False,34,33,1,-4.603320366311361,-12.490356592978586,-4.603320366311361,-12.490356592978586,0.0,False,False,nan,False
123,0.014841652,0.08500543,-0.057808936,0.49441978,0.0139629785,0.07850714,False,False,2,1,False,34,33,1,-3.0012972942429768,-15.491653887221563,-3.0012972942429768,-15.491653887221563,0.0,False,False,nan,False
124,0.014260674,0.09621235,-0.0618815,0.4980424,0.017710146,0.07495007,False,False,2,1,False,34,33,1,-2.180340371590037,-17.6719942588116,-2.180340371590037,-17.6719942588116,0.0,False,False,nan,False
125,0.013811588,0.107792124,-0.049367182,0.5146028,0.022126544,0.08833561,False,False,2,1,False,34,33,1,-3.3919586167600384,-21.06395287557164,-3.3919586167600384,-21.06395287557164,0.0,False,False,nan,False
126,0.013362313,0.119710505,-0.04945088,0.5296325,0.026597286,0.08942318,False,False,2,1,False,34,33,1,-3.4222098358007313,-24.486162711372373,-3.4222098358007313,-24.486162711372373,0.0,False,False,nan,False
127,0.012748813,0.13169934,-0.065133326,0.5327661,0.030344062,0.07494199,False,False,2,1,False,34,33,1,-2.340446237578166,-26.82660894895054,-2.340446237578166,-26.82660894895054,0.0,False,False,nan,False
128,0.01225481,0.1439262,-0.053825576,0.5433249,0.03472509,0.08762811,False,False,2,1,False,34,33,1,-2.8764845023884957,-29.703093451339036,-2.8764845023884957,-29.703093451339036,0.0,False,False,nan,False
129,0.011733627,0.15647772,-0.05650293,0.55773884,0.03906895,0.08688471,False,False,2,1,False,34,33,1,-3.4422916219625277,-33.14538507330156,-3.4422916219625277,-33.14538507330156,0.0,False,False,nan,False
130,0.011299228,0.16986173,-0.04840283,0.59471095,0.04397995,0.09822901,False,False,2,1,False,34,33,1,-5.731491055123018,-38.87687612842458,-5.731491055123018,-38.87687612842458,0.0,False,False,nan,False
131,0.010983849,0.18408738,-0.037246905,0.6320775,0.049630307,0.11301726,False,False,2,1,False,34,33,1,-5.932462656657736,-44.80933878508231,-5.932462656657736,-44.80933878508231,0.0,False,False,nan,False
132,0.010791588,0.19887443,-0.025680661,0.6569769,0.056022782,0.12786089,False,False,2,1,False,34,33,1,-4.844930935577184,-49.65426972065949,-4.844930935577184,-49.65426972065949,0.0,False,False,nan,False
133,0.010468292,0.21427704,-0.038755618,0.6843071,0.062374733,0.12704203,False,False,2,1,False,34,33,1,-5.264259516174991,-54.91852923683448,-5.264259516174991,-54.91852923683448,0.0,False,False,nan,False
134,0.0100218775,0.23010458,-0.05066846,0.703184,0.068342246,0.11935315,False,False,2,1,False,34,33,1,-4.436106935076356,-59.35463617191083,-4.436106935076356,-59.35463617191083,0.0,False,False,nan,False
135,0.009623718,0.2466181,-0.04633956,0.7336245,0.07479561,0.12907064,False,False,2,1,False,34,33,1,-5.601593791653033,-64.95622996356387,-5.601593791653033,-64.95622996356387,0.0,False,False,nan,False
136,0.0093337055,0.26402393,-0.036368277,0.7732051,0.08208465,0.14578457,False,False,2,1,False,34,33,1,-6.66454502147609,-71.62077498503996,-6.66454502147609,-71.62077498503996,0.0,False,False,nan,False
137,0.008847999,0.28157866,-0.055201977,0.77983326,0.08864965,0.13130364,False,False,2,1,False,34,33,1,-3.4818469797211717,-75.10262196476113,-3.4818469797211717,-75.10262196476113,0.0,False,False,nan,False
138,0.008128643,0.29975724,-0.077799454,0.80757916,0.09446265,0.11626226,False,False,2,1,False,34,33,1,-5.649613999135727,-80.75223596389685,-5.649613999135727,-80.75223596389685,0.0,False,False,nan,False
139,0.0074643134,0.3178809,-0.0727119,0.8050884,0.10068504,0.124450885,False,False,2,1,False,34,33,1,-2.4370749017035562,-83.1893108656004,-2.4370749017035562,-83.1893108656004,0.0,False,False,nan,False
140,0.0067298887,0.33598417,-0.07956048,0.80416477,0.1067622,0.12154615,False,False,2,1,False,34,33,1,-2.688579463841026,-85.87789032944143,-2.688579463841026,-85.87789032944143,0.0,False,False,nan,False
141,0.005893993,0.35474563,-0.08964927,0.8333973,0.11278212,0.120401226,False,False,2,1,False,34,33,1,-5.787738656865886,-91.66562898630731,-5.787738656865886,-91.66562898630731,0.0,False,False,nan,False
142,0.0050642965,0.37360325,-0.08930199,0.8376249,0.11906901,0.12574057,False,False,2,1,False,34,33,1,-3.229645796553757,-94.89527478286107,-3.229645796553757,-94.89527478286107,0.0,False,False,nan,False
143,0.0043216706,0.39292338,-0.08137802,0.85808814,0.12614512,0.14152634,False,False,2,1,False,34,33,1,-4.895209071203015,-99.79048385406408,-4.895209071203015,-99.79048385406408,0.0,False,False,nan,False
144,0.0036385537,0.4129085,-0.0758063,0.88757676,0.1336121,0.14933947,False,False,2,1,False,34,33,1,-5.931416097319288,-105.72189995138336,-5.931416097319288,-105.72189995138336,0.0,False,False,nan,False
145,0.002734661,0.43359956,-0.097409084,0.91895664,0.14060189,0.13979575,False,False,2,1,False,34,33,1,-6.397022378291882,-112.11892232967524,-6.397022378291882,-112.11892232967524,0.0,False,False,nan,False
146,0.0017152786,0.45507118,-0.109015524,0.9536096,0.14765847,0.14113203,False,False,2,1,False,34,33,1,-6.723856431233247,-118.84277876090849,-6.723856431233247,-118.84277876090849,0.0,False,False,nan,False
147,0.000539875,0.4767809,-0.12427328,0.9641931,0.15438096,0.1344498,False,False,2,1,False,34,33,1,-4.377745898116944,-123.22052465902543,-4.377745898116944,-123.22052465902543,0.0,False,False,nan,False
148,-0.00079393387,0.49849558,-0.13966662,0.96442884,0.16066594,0.1256999,False,False,2,1,False,34,33,1,-3.33206597884008,-126.5525906378655,-3.33206597884008,-126.5525906378655,0.0,False,False,nan,False
149,-0.0021234513,0.52060705,-0.1397438,0.981986,0.16746148,0.13591085,False,False,2,1,False,34,33,1,-4.930067398562659,-131.48265803642818,-4.930067398562659,-131.48265803642818,0.0,False,False,nan,False
150,-0.0036824227,0.54316837,-0.16217545,1.0020045,0.17374922,0.12575497,False,False,2,1,False,34,33,1,-5.502156014227654,-136.98481405065584,-5.502156014227654,-136.98481405065584,0.0,False,False,nan,False
151,-0.005431366,0.5661098,-0.18082984,1.0189111,0.17969286,0.11887294,False,False,2,1,False,34,33,1,-5.168785694905995,-142.15359974556185,-5.168785694905995,-142.15359974556185,0.0,False,False,nan,False
152,-0.0074041365,0.58902997,-0.20250165,1.018034,0.18493676,0.104877636,False,False,2,1,False,34,33,1,-3.4330428788656944,-145.58664262442755,-3.4330428788656944,-145.58664262442755,0.0,False,False,nan,False
153,-0.009622383,0.6126429,-0.2266602,1.0488535,0.18979673,0.09719942,False,False,2,1,False,34,33,1,-6.658802255294051,-152.24544487972162,-6.658802255294051,-152.24544487972162,0.0,False,False,nan,False
154,-0.011861515,0.6367663,-0.22929576,1.0714561,0.19520688,0.108202875,False,False,2,1,True,35,33,2,-5.521993623197335,-157.76743850291896,-5.521993623197335,-157.76743850291896,0.0,False,False,nan,False
155,-0.014005661,0.6603181,-0.21734078,1.0463616,0.1981531,0.05892381,False,False,3,1,False,35,33,2,0.01851016124769103,-157.74892834167127,0.01851016124769103,-157.74892834167127,0.0,False,False,nan,False
156,-0.016059494,0.6832967,-0.2059817,1.0211884,0.19875789,0.0120960185,False,False,3,1,False,35,33,2,0.3016418049109302,-157.44728653676034,0.3016418049109302,-157.44728653676034,0.0,False,False,nan,False
157,-0.01802597,0.7057048,-0.1949898,0.9961375,0.19708416,-0.033475008,False,False,3,1,False,35,33,2,0.5637118038715994,-156.88357473288875,0.5637118038715994,-156.88357473288875,0.0,False,False,nan,False
158,-0.019914055,0.72753114,-0.18513641,0.9705426,0.19339612,-0.07376071,False,False,3,1,False,35,33,2,0.8519023924409066,-156.03167234044784,0.8519023924409066,-156.03167234044784,0.0,False,False,nan,False
159,-0.02173481,0.74876565,-0.17672683,0.94444567,0.18801415,-0.10763906,False,False,3,1,False,35,33,2,1.100910293902076,-154.93076204654577,1.100910293902076,-154.93076204654577,0.0,False,False,nan,False
160,-0.023494434,0.7694159,-0.16903888,0.9186586,0.18105762,-0.13913088,False,False,3,1,False,35,33,2,1.271990407492866,-153.6587716390529,1.271990407492866,-153.6587716390529,0.0,False,False,nan,False
161,-0.025193024,0.789478,-0.1613811,0.8926556,0.17254747,-0.17020285,False,False,3,1,False,35,33,2,1.5059924398582905,-152.1527791991946,1.5059924398582905,-152.1527791991946,0.0,False,False,nan,False
162,-0.026805496,0.80897397,-0.15047689,0.86769485,0.16177519,-0.21544585,False,False,3,1,False,35,33,2,1.7414193314281203,-150.4113598677665,1.7414193314281203,-150.4113598677665,0.0,False,False,nan,False
163,-0.028329467,0.8278848,-0.1393694,0.84184873,0.14875767,-0.26035017,False,False,3,1,False,35,33,2,2.11051198590812,-148.30084788185837,2.11051198590812,-148.30084788185837,0.0,False,False,nan,False
164,-0.02976532,0.84622854,-0.12824091,0.81673795,0.13344888,-0.30617553,False,False,3,1,False,35,33,2,2.3188898841106904,-145.98195799774768,2.3188898841106904,-145.98195799774768,0.0,False,False,nan,False
165,-0.031134319,0.8639852,-0.11979677,0.79062814,0.116436236,-0.34025294,False,False,3,1,False,35,33,2,2.6010625672228413,-143.38089543052484,2.6010625672228413,-143.38089543052484,0.0,False,False,nan,False
166,-0.032405853,0.88116807,-0.107514426,0.76509964,0.09693071,-0.39011046,False,False,3,1,False,35,33,2,2.902336586184988,-140.47855884433986,2.902336586184988,-140.47855884433986,0.0,False,False,nan,False
167,-0.033605196,0.8977618,-0.09839583,0.73875326,0.07559638,-0.42668718,False,False,3,1,False,35,33,2,3.1747152580712465,-137.3038435862686,3.1747152580712465,-137.3038435862686,0.0,False,False,nan,False
168,-0.03472986,0.9137784,-0.08897881,0.7128692,0.05235973,-0.46473327,False,False,3,1,False,35,33,2,3.3765452540470178,-133.9272983322216,3.3765452540470178,-133.9272983322216,0.0,False,False,nan,False
169,-0.035793114,0.9292118,-0.08122311,0.6866197,0.027564608,-0.4959026,False,False,3,1,False,35,33,2,3.602608928917108,-130.3246894033045,3.602608928917108,-130.3246894033045,0.0,False,False,nan,False
170,-0.036763094,0.9440502,-0.06950437,0.6597637,0.0004267174,-0.5427584,False,False,3,1,False,35,33,2,3.9965504568772885,-126.3281389464272,3.9965504568772885,-126.3281389464272,0.0,False,False,nan,False
171,-0.037664603,0.9583085,-0.060914256,0.6334571,-0.028429883,-0.5771323,False,False,3,1,False,35,33,2,-1.5550364947619915,-127.8831754411892,-1.5550364947619915,-127.8831754411892,0.0,False,False,nan,False
172,-0.038505744,0.9719836,-0.053386003,0.6069242,-0.05878988,-0.60720074,False,False,3,1,False,35,33,2,-1.7246076565523925,-129.6077830977416,-1.7246076565523925,-129.6077830977416,0.0,False,False,nan,False
173,-0.03928585,0.98506397,-0.045805246,0.5797719,-0.090673536,-0.6376736,False,False,3,1,False,35,33,2,-1.7595502315996885,-131.36733332934128,-1.7595502315996885,-131.36733332934128,0.0,False,False,nan,False
174,-0.039978504,0.9975529,-0.034956925,0.55262774,-0.124733806,-0.68120575,False,False,3,1,False,35,33,2,-1.9020682842219105,-133.2694016135632,-1.9020682842219105,-133.2694016135632,0.0,False,False,nan,False
175,-0.040576648,1.0094299,-0.023254555,0.52440584,-0.16118841,-0.729093,False,False,3,1,False,35,33,2,-1.983506143967445,-135.25290775753064,-1.983506143967445,-135.25290775753064,0.0,False,False,nan,False
176,-0.041104984,1.0207031,-0.014755924,0.49645668,-0.19939537,-0.76414025,False,False,3,1,False,35,33,2,-2.154698406349637,-137.40760616388027,-2.154698406349637,-137.40760616388027,0.0,False,False,nan,False
177,-0.041550256,1.0313723,-0.0046769506,0.46831992,-0.23968434,-0.8057803,False,False,3,1,False,35,33,2,-2.293477787774093,-139.70108395165437,-2.293477787774093,-139.70108395165437,0.0,False,False,nan,False
178,-0.04192724,1.041443,0.0034123058,0.4403279,-0.28165793,-0.8394731,False,False,3,1,False,35,33,2,-2.434910435398477,-142.13599438705285,-2.434910435398477,-142.13599438705285,0.0,False,False,nan,False
179,-0.04223261,1.0509152,0.011771259,0.4122286,-0.32538065,-0.87445545,False,False,3,1,False,35,33,2,-2.5555140087542996,-144.69150839580715,-2.5555140087542996,-144.69150839580715,0.0,False,False,nan,False
180,-0.042475224,1.0597842,0.01887852,0.38381153,-0.3706527,-0.9054421,False,False,3,1,False,35,33,2,-2.632243100644273,-147.32375149645142,-2.632243100644273,-147.32375149645142,0.0,False,False,nan,False
181,-0.042649172,1.0680465,0.026595175,0.35510355,-0.41763222,-0.9395915,False,False,3,1,False,35,33,2,-2.7364744261190297,-150.06022592257045,-2.7364744261190297,-150.06022592257045,0.0,False,False,nan,False
182,-0.042725373,1.0756882,0.037705276,0.3254148,-0.46709424,-0.9892421,False,False,3,1,False,35,33,2,-2.889467441046149,-152.9496933636166,-2.889467441046149,-152.9496933636166,0.0,False,False,nan,False
183,-0.04273329,1.0827074,0.04503982,0.29566184,-0.5183766,-1.0256478,False,False,3,1,False,35,33,2,-3.0077037027843105,-155.95739706640092,-3.0077037027843105,-155.95739706640092,0.0,False,False,nan,False
184,-0.042647075,1.0890813,0.0554002,0.26447967,-0.5722878,-1.0782268,False,False,3,1,False,35,33,2,-3.1723776031665794,-159.1297746695675,-3.1723776031665794,-159.1297746695675,0.0,False,False,nan,False
185,-0.042478465,1.0948375,0.063713595,0.23458502,-0.6282367,-1.1189811,False,False,3,1,False,35,33,2,-3.4857955521578092,-162.6155702217253,-3.4857955521578092,-162.6155702217253,0.0,False,False,nan,False
186,-0.04223261,1.0999495,0.071362466,0.20327218,-0.6864324,-1.1639163,False,False,3,1,False,35,33,2,-3.594579921608157,-166.21015014333346,-3.594579921608157,-166.21015014333346,0.0,False,False,nan,False
187,-0.041903116,1.104434,0.0791385,0.1726545,-0.7467504,-1.206364,False,False,3,1,False,35,33,2,-3.9579368766759715,-170.16808702000944,-3.9579368766759715,-170.16808702000944,0.0,False,False,nan,False
188,-0.04148235,1.1082673,0.08760119,0.14065309,-0.8096501,-1.2579981,False,False,3,1,False,35,33,2,-4.278924437390599,-174.44701145740004,-4.278924437390599,-174.44701145740004,0.0,False,False,nan,False
189,-0.0409894,1.1114814,0.09304843,0.110402316,-0.87424785,-1.2919579,False,False,3,1,False,35,33,2,-4.677275761117584,-179.12428721851762,-4.677275761117584,-179.12428721851762,0.0,False,False,nan,False
190,-0.040424824,1.1140437,0.098266244,0.0784432,-0.9410129,-1.335305,False,False,3,1,False,35,33,2,-5.095744589735175,-184.2200318082528,-5.095744589735175,-184.2200318082528,0.0,False,False,nan,False
191,-0.039795112,1.1159619,0.10218392,0.04695786,-1.0096714,-1.3731754,False,False,3,1,False,35,33,2,-5.757371471455939,-189.97740327970874,-5.757371471455939,-189.97740327970874,0.0,False,False,nan,False
192,-0.039092444,1.117229,0.10644571,0.015088028,-1.0804057,-1.4146901,False,False,3,1,False,35,33,2,-6.732843610831252,-196.71024689054,-6.732843610831252,-196.71024689054,0.0,False,False,nan,False
193,-0.03831911,1.1178524,0.109825775,-0.016245369,-1.1529686,-1.451266,False,False,3,1,False,35,33,2,-7.6970281631976425,-204.40727505373764,-7.6970281631976425,-204.40727505373764,0.0,False,False,nan,False
194,-0.037476636,1.1177931,0.11273931,-0.04964406,-1.2280457,-1.5015453,False,False,3,1,False,35,33,2,-8.745397174233089,-213.15267222797073,-8.745397174233089,-213.15267222797073,0.0,False,False,nan,False
195,-0.036572933,1.117074,0.11402126,-0.08147354,-1.3049965,-1.53902,False,False,3,1,False,35,33,2,-9.345500710876449,-222.49817293884718,-9.345500710876449,-222.49817293884718,0.0,False,False,nan,False
196,-0.03559532,1.115646,0.11619607,-0.11598065,-1.3848675,-1.5974272,False,False,3,1,False,35,33,2,-10.27476472100025,-232.77293765984743,-10.27476472100025,-232.77293765984743,0.0,False,False,nan,False
197,-0.03454733,1.1135461,0.117123924,-0.14796327,-1.4666928,-1.6365122,False,False,3,1,False,35,33,2,-10.45288331021416,-243.2258209700616,-10.45288331021416,-243.2258209700616,0.0,False,False,nan,False
198,-0.03342495,1.1107264,0.117913805,-0.18239853,-1.5513982,-1.6941137,False,False,3,1,False,35,33,2,-11.063661626675097,-254.2894825967367,-11.063661626675097,-254.2894825967367,0.0,False,False,nan,False
199,-0.032236863,1.1071839,0.11705251,-0.21647607,-1.6388423,-1.748894,False,False,3,1,False,35,33,2,-11.307087651108445,-265.59657024784514,-11.307087651108445,-265.59657024784514,0.0,False,False,nan,False
200,-0.030988311,1.1029027,0.11495109,-0.25093225,-1.7291931,-1.8070247,False,False,3,1,False,35,33,2,-11.624813753099287,-277.2213840009444,-11.624813753099287,-277.2213840009444,0.0,False,False,nan,False
201,-0.029678917,1.0978891,0.11225335,-0.28428182,-1.8220636,-1.8574225,False,False,3,1,False,35,33,2,-11.775608927849957,-288.9969929287943,-11.775608927849957,-288.9969929287943,0.0,False,False,nan,False
202,-0.028314114,1.0921369,0.108512715,-0.3172414,-1.9173647,-1.9060348,False,False,3,1,False,35,33,2,-11.94595366732497,-300.94294659611927,-11.94595366732497,-300.94294659611927,0.0,False,False,nan,False
203,-0.026893234,1.0856351,0.10445257,-0.3499548,-2.0150328,-1.9533736,False,False,3,1,False,35,33,2,-12.135620292202047,-313.0785668883213,-12.135620292202047,-313.0785668883213,0.0,False,False,nan,False
204,-0.0254282,1.0783584,0.09874277,-0.38320968,-2.1153815,-2.0069873,False,False,3,1,True,36,33,3,-12.385523898924843,-325.4640907872461,-12.385523898924843,-325.4640907872461,0.0,False,False,nan,False
205,-0.023843288,1.0705076,0.1034672,-0.40389097,-2.2132509,-1.9574039,False,False,1,1,False,36,33,3,-11.149071882573052,-336.61316266981913,-11.149071882573052,-336.61316266981913,0.0,False,False,nan,False
206,-0.022142315,1.0620964,0.10921973,-0.42351356,-2.3082511,-1.9000199,False,False,1,1,False,36,33,3,-10.729120203520635,-347.34228287333974,-10.729120203520635,-347.34228287333974,0.0,False,False,nan,False
207,-0.020322513,1.0530932,0.11620257,-0.44457304,-2.4007013,-1.8490183,False,False,1,1,False,36,33,3,-10.585070811814914,-357.9273536851546,-10.585070811814914,-357.9273536851546,0.0,False,False,nan,False
208,-0.018412208,1.043475,0.12085285,-0.466915,-2.491323,-1.8124437,False,False,1,1,False,36,33,3,-10.406299595649925,-368.3336532808045,-10.406299595649925,-368.3336532808045,0.0,False,False,nan,False
209,-0.016387844,1.0332384,0.12921098,-0.48913273,-2.579559,-1.764731,False,False,1,1,False,36,33,3,-10.187656763506224,-378.5213100443107,-10.187656763506224,-378.5213100443107,0.0,False,False,nan,False
210,-0.014264584,1.0223889,0.13690361,-0.51121986,-2.6655347,-1.7195209,False,False,1,1,False,36,33,3,-9.871817211663453,-388.39312725597415,-9.871817211663453,-388.39312725597415,0.0,False,False,nan,False
211,-0.012059594,1.0108972,0.14316195,-0.53491724,-2.7498486,-1.6862881,False,False,1,1,False,36,33,3,-9.760412791785965,-398.1535400477601,-9.760412791785965,-398.1535400477601,0.0,False,False,nan,False
212,-0.009759235,0.99876595,0.15196948,-0.5584615,-2.8320482,-1.644002,False,False,1,1,False,36,33,3,-9.537006131550951,-407.690546179311,-9.537006131550951,-407.690546179311,0.0,False,False,nan,False
213,-0.007357216,0.9859933,0.16232543,-0.5822508,-2.911908,-1.5972005,False,False,1,1,False,36,33,3,-9.305226182535277,-416.99577236184626,-9.305226182535277,-416.99577236184626,0.0,False,False,nan,False
214,-0.004849148,0.97257113,0.17393224,-0.6066633,-2.989277,-1.5473912,False,False,1,1,False,36,33,3,-9.088105699894781,-426.083878061741,-9.088105699894781,-426.083878061741,0.0,False,False,nan,False
215,-0.0022471428,0.9584982,0.1846583,-0.63147527,-3.0643837,-1.5021435,False,False,1,1,False,36,33,3,-8.814081688752394,-434.8979597504934,-8.814081688752394,-434.8979597504934,0.0,False,False,nan,False
216,0.00041856765,0.9437701,0.19214536,-0.65679145,-3.1379237,-1.4708031,False,False,1,1,False,36,33,3,-8.550928565609892,-443.44888831610325,-8.550928565609892,-443.44888831610325,0.0,False,False,nan,False
217,0.0031601905,0.92838377,0.20165154,-0.6824582,-3.2095253,-1.4320364,False,False,1,1,False,36,33,3,-8.382664357584387,-451.8315526736876,-8.382664357584387,-451.8315526736876,0.0,False,False,nan,False
218,0.005990696,0.9123141,0.21327484,-0.7095903,-3.2787595,-1.384689,False,False,1,1,False,36,33,3,-8.280049517080185,-460.11160219076777,-8.280049517080185,-460.11160219076777,0.0,False,False,nan,False
219,0.008901405,0.89557487,0.22409633,-0.73643434,-3.3458056,-1.3409284,False,False,1,1,False,36,33,3,-7.945877822435221,-468.05748001320296,-7.945877822435221,-468.05748001320296,0.0,False,False,nan,False
220,0.0118666645,0.87814826,0.23213442,-0.7643038,-3.411152,-1.3069305,False,False,1,1,False,36,33,3,-7.725800295953518,-475.78328030915645,-7.725800295953518,-475.78328030915645,0.0,False,False,nan,False
221,0.014901352,0.8600252,0.24230485,-0.79295325,-3.4743047,-1.2630569,False,False,1,1,False,36,33,3,-7.574851044084851,-483.3581313532413,-7.574851044084851,-483.3581313532413,0.0,False,False,nan,False
222,0.018015385,0.8412047,0.25393957,-0.8220509,-3.5349257,-1.2124245,False,False,1,1,False,36,33,3,-7.339584278409261,-490.6977156316505,-7.339584278409261,-490.6977156316505,0.0,False,False,nan,False
223,0.021177387,0.82171243,0.26165572,-0.85010105,-3.5938919,-1.1793277,False,False,1,1,False,36,33,3,-6.893220690614412,-497.5909363222649,-6.893220690614412,-497.5909363222649,0.0,False,False,nan,False
224,0.024410535,0.80152816,0.2724374,-0.87953246,-3.6504335,-1.1308355,False,False,1,1,False,36,33,3,-6.805851552076006,-504.3967878743409,-6.805851552076006,-504.3967878743409,0.0,False,False,nan,False
225,0.02769413,0.7806676,0.28066027,-0.90836996,-3.7051134,-1.0936043,False,False,1,1,False,36,33,3,-6.421828433650517,-510.81861630799136,-6.421828433650517,-510.81861630799136,0.0,False,False,nan,False
226,0.03101778,0.75911367,0.28783947,-0.93819654,-3.7579176,-1.0560825,False,False,1,1,False,36,33,3,-6.231127592095532,-517.0497439000869,-6.231127592095532,-517.0497439000869,0.0,False,False,nan,False
227,0.034389876,0.73686147,0.2960276,-0.968588,-3.808549,-1.0126325,False,False,1,1,False,36,33,3,-6.030472295819123,-523.080216195906,-6.030472295819123,-523.080216195906,0.0,False,False,nan,False
228,0.037815474,0.71391606,0.30474514,-0.99904746,-3.8569038,-0.96709996,False,False,1,1,False,36,33,3,-5.758572819100464,-528.8387890150065,-5.758572819100464,-528.8387890150065,0.0,False,False,nan,False
229,0.041288663,0.6902796,0.31264573,-1.0295674,-3.903093,-0.9237879,False,False,1,1,False,36,33,3,-5.458369850968466,-534.2971588659749,-5.458369850968466,-534.2971588659749,0.0,False,False,nan,False
230,0.04479561,0.66594857,0.31891137,-1.0603663,-3.947282,-0.8837783,False,False,1,1,False,36,33,3,-5.172377538298433,-539.4695364042733,-5.172377538298433,-539.4695364042733,0.0,False,False,nan,False
231,0.048349954,0.64090335,0.32682884,-1.092511,-3.9888668,-0.83170116,False,False,1,1,False,36,33,3,-5.02200273171266,-544.4915391359859,-5.02200273171266,-544.4915391359859,0.0,False,False,nan,False
232,0.05194168,0.61515415,0.33335912,-1.1242197,-4.0281477,-0.78561556,False,False,1,1,False,36,33,3,-4.645285658440257,-549.1368247944262,-4.645285658440257,-549.1368247944262,0.0,False,False,nan,False
233,0.05557127,0.5886873,0.3399352,-1.1568443,-4.0648427,-0.733901,False,False,1,1,False,36,33,3,-4.410788041494725,-553.5476128359209,-4.410788041494725,-553.5476128359209,0.0,False,False,nan,False
234,0.059247207,0.5614988,0.34732118,-1.189932,-4.0987034,-0.67722535,False,False,1,1,False,36,33,3,-4.130212374022931,-557.6778252099438,-4.130212374022931,-557.6778252099438,0.0,False,False,nan,False
235,0.06297417,0.5335931,0.35495925,-1.222969,-4.1297116,-0.6201662,False,False,1,1,False,36,33,3,-3.7843957406254547,-561.4622209505692,-3.7843957406254547,-561.4622209505692,0.0,False,False,nan,False
236,0.06673088,0.5050142,0.35968977,-1.2535363,-4.158964,-0.5850545,False,False,1,1,False,36,33,3,-3.234058353068035,-564.6962793036372,-3.234058353068035,-564.6962793036372,0.0,False,False,nan,False
237,0.07051363,0.47575787,0.36396432,-1.2843896,-4.1864185,-0.5490828,False,False,1,1,False,36,33,3,-3.0148231193739137,-567.7111024230111,-3.0148231193739137,-567.7111024230111,0.0,False,False,nan,False
238,0.07432642,0.4458257,0.3685082,-1.3152535,-4.2120423,-0.5124781,False,False,1,1,False,36,33,3,-2.7887152327221245,-570.4998176557332,-2.7887152327221245,-570.4998176557332,0.0,False,False,nan,False
239,0.07815971,0.41521132,0.37199026,-1.3464656,-4.235823,-0.47561917,False,False,1,1,False,36,33,3,-2.5608936480444116,-573.0607113037776,-2.5608936480444116,-573.0607113037776,0.0,False,False,nan,False
240,0.08201933,0.38389078,0.37620583,-1.379134,-4.2572017,-0.4275683,False,False,1,1,False,36,33,3,-2.43486848037267,-575.4955797841502,-2.43486848037267,-575.4955797841502,0.0,False,False,nan,False
241,0.08591013,0.35186914,0.38076386,-1.4116113,-4.276208,-0.3801205,False,False,1,1,False,36,33,3,-2.1494169170476014,-577.6449967011978,-2.1494169170476014,-577.6449967011978,0.0,False,False,nan,False
242,0.08981905,0.3191514,0.38377982,-1.4437563,-4.293083,-0.33750886,False,False,1,1,False,36,33,3,-1.8351057172842775,-579.480102418482,-1.8351057172842775,-579.480102418482,0.0,False,False,nan,False
243,0.093761824,0.2857095,0.38859448,-1.4776515,-4.307074,-0.27981395,False,False,1,1,False,36,33,3,-1.7442319047507044,-581.2243343232327,-1.7442319047507044,-581.2243343232327,0.0,False,False,nan,False
244,0.09773187,0.25156248,0.3924327,-1.5104566,-4.3186326,-0.23116994,False,False,1,1,False,36,33,3,-1.3746763525998904,-582.5990106758326,-1.3746763525998904,-582.5990106758326,0.0,False,False,nan,False
245,0.101724245,0.21672972,0.39555565,-1.5421417,-4.3282022,-0.19139114,False,False,1,1,False,36,33,3,-1.086477386051256,-583.6854880618838,-1.086477386051256,-583.6854880618838,0.0,False,False,nan,False
246,0.105745986,0.18117379,0.3996451,-1.5760499,-4.3349314,-0.13458708,False,False,1,1,False,36,33,3,-1.1257591696492273,-584.811247231533,-1.1257591696492273,-584.811247231533,0.0,False,False,nan,False
247,0.10980578,0.14489108,0.40458235,-1.6102147,-4.338667,-0.07470663,False,False,1,1,False,36,33,3,-1.0391892460004601,-585.8504364775334,-1.0391892460004601,-585.8504364775334,0.0,False,False,nan,False
248,0.11389427,0.107911214,0.40832686,-1.6426466,-4.3401036,-0.028737012,False,False,1,1,False,36,33,3,-0.920730274940097,-586.7711667524735,-0.920730274940097,-586.7711667524735,0.0,False,False,nan,False
249,0.11801596,0.07023512,0.4124898,-1.6750466,-4.339223,0.017617278,False,False,1,1,False,36,33,3,-1.2307965994835104,-588.001963351957,-1.2307965994835104,-588.001963351957,0.0,False,False,nan,False
250,0.12216997,0.031864297,0.41656932,-1.7073562,-4.336062,0.06321702,False,False,1,1,False,36,33,3,-1.84136428679838,-589.8433276387553,-1.84136428679838,-589.8433276387553,0.0,False,False,nan,False
251,0.12708044,-1.0683537e-05,0.61794305,-0.42569193,-4.4010024,-4.821456,False,True,1,1,False,36,33,3,-100,-689.8433276387553,-100,-689.8433276387553,0.0,True,False,nan,False
