step,x,y,vx,vy,angle,angular_velocity,left_leg_contact,right_leg_contact,navigation_action,current_fps,fresh_observation,n_fresh_observations,n_fresh_observations_before_touchdown,n_fresh_observations_after_touchdown,instant_nav_reward,cumulative_nav_reward,instant_adaptive_reward,cumulative_adaptive_reward,instant_frame_penalty,terminated,truncated,vy_at_touchdown,success
1,0.002335167,1.4166744,0.11809609,0.11503383,-0.002669855,-0.026474098,False,False,0,10,True,2,2,0,1.5036160483271601,1.5036160483271601,1.5036160483271601,1.5036160483271601,0.0,False,False,nan,False
2,0.0035028458,1.4186633,0.11810026,0.088387795,-0.0039927238,-0.026459858,False,False,0,10,False,2,2,0,1.4034895237251988,2.907105572052359,1.4034895237251988,2.907105572052359,0.0,False,False,nan,False
3,0.004670429,1.4200518,0.11810418,0.061716333,-0.0053154095,-0.026456311,False,False,0,10,False,2,2,0,1.1541035954397785,4.061209167492137,1.1541035954397785,4.061209167492137,0.0,False,False,nan,False
4,0.0058382032,1.4208406,0.11810811,0.035047803,-0.0066379188,-0.026452214,False,False,0,10,False,2,2,0,0.7943167301043275,4.855525897596465,0.7943167301043275,4.855525897596465,0.0,False,False,nan,False
5,0.0070058824,1.4210293,0.11811201,0.008379394,-0.007960192,-0.02644808,False,False,0,10,False,2,2,0,0.32733990223988485,5.18286579983635,0.32733990223988485,5.18286579983635,0.0,False,False,nan,False
6,0.008173657,1.4206179,0.118115924,-0.018288998,-0.009282269,-0.026443964,False,False,0,10,True,3,3,0,-0.20314947796987326,4.979716321866476,-0.20314947796987326,4.979716321866476,0.0,False,False,nan,False
7,0.009341526,1.4196067,0.11811982,-0.044957433,-0.010604134,-0.026439857,False,False,0,10,False,3,3,0,-0.7180557912038239,4.2616605306626525,-0.7180557912038239,4.2616605306626525,0.0,False,False,nan,False
8,0.0105093,1.4179952,0.11812371,-0.07162592,-0.011925796,-0.026435789,False,False,0,10,False,3,3,0,-1.1475211323009944,3.114139398361658,-1.1475211323009944,3.114139398361658,0.0,False,False,nan,False
9,0.011677265,1.4157839,0.118127584,-0.098294444,-0.013247253,-0.02643171,False,False,0,10,False,3,3,0,-1.465113752837624,1.6490256455240342,-1.465113752837624,1.6490256455240342,0.0,False,False,nan,False
10,0.012845134,1.4129726,0.118131444,-0.124963015,-0.014568508,-0.026427701,False,False,0,10,False,3,3,0,-1.6806972134694433,-0.03167156794540915,-1.6806972134694433,-0.03167156794540915,0.0,False,False,nan,False
11,0.0140130995,1.409561,0.11813529,-0.15163162,-0.015889565,-0.026423637,False,False,0,10,True,4,4,0,-1.8178110694648524,-1.8494826374102615,-1.8178110694648524,-1.8494826374102615,0.0,False,False,nan,False
12,0.01518116,1.4055496,0.11813911,-0.17830025,-0.017210418,-0.026419615,False,False,0,10,False,4,4,0,-1.8990292578081949,-3.7485118952184564,-1.8990292578081949,-3.7485118952184564,0.0,False,False,nan,False
13,0.01634922,1.4009383,0.118142925,-0.20496896,-0.01853107,-0.02641561,False,False,0,10,False,4,4,0,-1.9415094932700185,-5.690021388488475,-1.9415094932700185,-5.690021388488475,0.0,False,False,nan,False
14,0.01751728,1.3957269,0.11814673,-0.23163772,-0.01985156,-0.026411917,False,False,0,10,False,4,4,0,-1.9572043812881361,-7.647225769776611,-1.9572043812881361,-7.647225769776611,0.0,False,False,nan,False
15,0.018685436,1.3899155,0.11815052,-0.25830647,-0.021171829,-0.026407886,False,False,0,10,False,4,4,0,-1.9541651766087966,-9.601390946385408,-1.9541651766087966,-9.601390946385408,0.0,False,False,nan,False
16,0.019853592,1.3835039,0.1181543,-0.28497535,-0.02249192,-0.02640445,False,False,0,10,True,5,5,0,-1.9378586986541677,-11.539249645039575,-1.9378586986541677,-11.539249645039575,0.0,False,False,nan,False
17,0.020948792,1.3765011,0.10899343,-0.31122035,-0.021972291,0.010393655,False,False,1,10,False,5,5,0,-1.4049920462327339,-12.944241691272309,-1.4049920462327339,-12.944241691272309,0.0,False,False,nan,False
18,0.021977235,1.3688912,0.10062482,-0.33818465,-0.01977999,0.043850068,False,False,1,10,False,5,5,0,-1.3598212088845105,-14.304062900156818,-1.3598212088845105,-14.304062900156818,0.0,False,False,nan,False
19,0.022930717,1.3606747,0.09123506,-0.36512807,-0.015710765,0.08139192,False,False,1,10,False,5,5,0,-1.154779308955425,-15.458842209112243,-1.154779308955425,-15.458842209112243,0.0,False,False,nan,False
20,0.023820495,1.3518568,0.08324368,-0.39185792,-0.01004455,0.11333467,False,False,1,10,False,5,5,0,-1.0080665865781657,-16.466908795690408,-1.0080665865781657,-16.466908795690408,0.0,False,False,nan,False
21,0.024622153,1.3424526,0.0721893,-0.41792968,-0.0021659662,0.15758577,False,False,1,10,True,6,6,0,-0.654946632028724,-17.121855427719133,-0.654946632028724,-17.121855427719133,0.0,False,False,nan,False
22,0.025519084,1.332459,0.0841496,-0.44416115,0.0033106627,0.109542586,False,False,3,10,False,6,6,0,-1.941331818117418,-19.063187245836552,-1.941331818117418,-19.063187245836552,0.0,False,False,nan,False
23,0.02649374,1.3218594,0.093915224,-0.4711022,0.0068291277,0.07037549,False,False,3,10,False,6,6,0,-2.1549915911803326,-21.218178837016886,-2.1549915911803326,-21.218178837016886,0.0,False,False,nan,False
24,0.027565956,1.310668,0.106138274,-0.49740273,0.0078961775,0.021342818,False,False,3,10,False,6,6,0,-1.842869371571054,-23.06104820858794,-1.842869371571054,-23.06104820858794,0.0,False,False,nan,False
25,0.02873621,1.298851,0.118439294,-0.5251905,0.0065018493,-0.027886713,False,False,3,10,False,6,6,0,-1.6895837202550286,-24.75063192884297,-1.6895837202550286,-24.75063192884297,0.0,False,False,nan,False
26,0.029980946,1.2864401,0.12777817,-0.55158544,0.0032366116,-0.0653044,False,False,3,10,True,7,7,0,-1.2467707354757909,-25.997402664318763,-1.2467707354757909,-25.997402664318763,0.0,False,False,nan,False
27,0.031136608,1.2734176,0.11660466,-0.57878137,0.0022096871,-0.020538306,False,False,1,10,False,7,7,0,-1.0499988803918245,-27.04740154471059,-1.0499988803918245,-27.04740154471059,0.0,False,False,nan,False
28,0.032197572,1.2597828,0.104737185,-0.6059888,0.0035598709,0.027003607,False,False,1,10,False,7,7,0,-1.2609142460439091,-28.3083157907545,-1.2609142460439091,-28.3083157907545,0.0,False,False,nan,False
29,0.03319063,1.2455456,0.09620849,-0.63277245,0.006618203,0.061166566,False,False,1,10,False,7,7,0,-1.4223049917994774,-29.730620782553977,-1.4223049917994774,-29.730620782553977,0.0,False,False,nan,False
30,0.03411417,1.2307165,0.08747663,-0.65910286,0.011424337,0.0961227,False,False,1,10,False,7,7,0,-1.5145556363118817,-31.24517641886586,-1.5145556363118817,-31.24517641886586,0.0,False,False,nan,False
31,0.034966946,1.2152765,0.07861026,-0.6862897,0.018008228,0.1316779,False,False,1,10,True,8,8,0,-1.7368725742892923,-32.98204899315515,-1.7368725742892923,-32.98204899315515,0.0,False,False,nan,False
32,0.035902213,1.1992457,0.088971004,-0.71254265,0.022514705,0.09012947,False,False,3,10,False,8,8,0,-1.6108685906896756,-34.59291758384483,-1.6108685906896756,-34.59291758384483,0.0,False,False,nan,False
33,0.03693409,1.1826129,0.10106913,-0.7392706,0.024599474,0.041695528,False,False,3,10,False,8,8,0,-1.3862906824068932,-35.979208266251725,-1.3862906824068932,-35.979208266251725,0.0,False,False,nan,False
34,0.03803625,1.1653899,0.109900355,-0.7654672,0.024911808,0.006246736,False,False,3,10,False,8,8,0,-1.060218266230122,-37.03942653248185,-1.060218266230122,-37.03942653248185,0.0,False,False,nan,False
35,0.039208986,1.147578,0.118762955,-0.79161364,0.023444908,-0.029338112,False,False,3,10,False,8,8,0,-0.822684908378817,-37.862111440860666,-0.822684908378817,-37.862111440860666,0.0,False,False,nan,False
36,0.04045725,1.1291573,0.1282348,-0.8186494,0.020084932,-0.06719945,False,False,3,10,True,9,9,0,-0.6733420908861933,-38.53545353174686,-0.6733420908861933,-38.53545353174686,0.0,False,False,nan,False
37,0.04161768,1.1101298,0.11720312,-0.8456551,0.018936357,-0.022971394,False,False,1,10,False,9,9,0,-0.5285435911579828,-39.063997122904844,-0.5285435911579828,-39.063997122904844,0.0,False,False,nan,False
38,0.04270773,1.0904976,0.108378395,-0.8725481,0.019556392,0.012400544,False,False,1,10,False,9,9,0,-0.6858833943155946,-39.74988051722044,-0.6858833943155946,-39.74988051722044,0.0,False,False,nan,False
39,0.043698885,1.0702674,0.09597216,-0.89916056,0.022660088,0.062073797,False,False,1,10,False,9,9,0,-0.8244058429811207,-40.57428636020156,-0.8244058429811207,-40.57428636020156,0.0,False,False,nan,False
40,0.044602297,1.0494419,0.0849598,-0.92566854,0.027967228,0.10614289,False,False,1,10,False,9,9,0,-1.012863004587216,-41.58714936478878,-1.012863004587216,-41.58714936478878,0.0,False,False,nan,False
41,0.045434285,1.0280247,0.076021425,-0.9520334,0.035060506,0.14186524,False,False,1,10,True,10,10,0,-1.153664046656927,-42.74081341144571,-1.153664046656927,-42.74081341144571,0.0,False,False,nan,False
42,0.04634266,1.0066133,0.08323578,-0.9518133,0.042572416,0.15023828,False,False,2,10,False,10,10,0,1.0454748997950787,-41.695338511650625,1.0454748997950787,-41.695338511650625,0.0,False,False,nan,False
43,0.047219943,0.9859145,0.08009698,-0.9201821,0.05011298,0.15081152,False,False,2,10,False,10,10,0,4.187854138499245,-37.50748437315138,4.187854138499245,-37.50748437315138,0.0,False,False,nan,False
44,0.048105717,0.9652179,0.08081402,-0.92013353,0.057785813,0.1534567,False,False,2,10,False,10,10,0,0.9941850298274459,-36.51329934332393,0.9941850298274459,-36.51329934332393,0.0,False,False,nan,False
45,0.04904995,0.9454525,0.08611498,-0.87880456,0.06600165,0.16431694,False,False,2,10,False,10,10,0,4.913791413138466,-31.599507930185464,4.913791413138466,-31.599507930185464,0.0,False,False,nan,False
46,0.04981804,0.92639697,0.06906019,-0.8472769,0.07367117,0.15339023,False,False,2,25,True,11,11,0,4.124597560376469,-27.474910369808995,4.124597560376469,-27.474910369808995,0.0,False,False,nan,False
47,0.05062151,0.9082727,0.0720874,-0.80595315,0.08185181,0.16361308,False,False,2,25,False,11,11,0,4.778879051049967,-22.69603131875903,4.778879051049967,-22.69603131875903,0.0,False,False,nan,False
48,0.05138235,0.8902375,0.06784474,-0.8020429,0.090009324,0.16315034,False,False,2,25,True,12,12,0,1.106896928987038,-21.589134389771992,1.106896928987038,-21.589134389771992,0.0,False,False,nan,False
49,0.052161884,0.8727711,0.0693091,-0.7768273,0.098577335,0.17136045,False,False,2,25,False,12,12,0,3.081682519785301,-18.507451869986692,3.081682519785301,-18.507451869986692,0.0,False,False,nan,False
50,0.052752115,0.8562232,0.05080341,-0.7360276,0.106735185,0.16315706,False,False,2,25,True,13,13,0,4.745813491787271,-13.761638378199422,4.745813491787271,-13.761638378199422,0.0,False,False,nan,False
51,0.053426266,0.83908856,0.06133594,-0.7619889,0.11276725,0.12064167,False,False,3,25,False,13,13,0,-1.5947737893773126,-15.356412167576734,-1.5947737893773126,-15.356412167576734,0.0,False,False,nan,False
52,0.054166127,0.82136136,0.06959314,-0.7882153,0.11713749,0.08740454,False,False,3,25,True,14,14,0,-1.3856048011382416,-16.742016968714974,-1.3856048011382416,-16.742016968714974,0.0,False,False,nan,False
53,0.054753684,0.8037289,0.05482144,-0.7839768,0.12105878,0.07842567,False,False,2,25,False,14,14,0,1.6022745707250123,-15.139742397989963,1.6022745707250123,-15.139742397989963,0.0,False,False,nan,False
54,0.05541582,0.7867327,0.06145984,-0.7557827,0.12578245,0.09447324,False,False,2,25,True,15,15,0,3.6799837543155833,-11.45975864367438,3.6799837543155833,-11.45975864367438,0.0,False,False,nan,False
55,0.05594225,0.77002543,0.0481663,-0.7429265,0.1302271,0.08889337,False,False,2,25,False,15,15,0,2.2973720998555622,-9.162386543818819,2.2973720998555622,-9.162386543818819,0.0,False,False,nan,False
56,0.05631132,0.7537747,0.0327462,-0.7226254,0.13437393,0.08293676,False,False,2,25,True,16,16,0,3.0152178318415794,-6.14716871197724,3.0152178318415794,-6.14716871197724,0.0,False,False,nan,False
57,0.0565073,0.7378245,0.015857637,-0.70924014,0.13809925,0.07450652,False,False,2,25,False,16,16,0,2.3114187170284426,-3.835749994948797,2.3114187170284426,-3.835749994948797,0.0,False,False,nan,False
58,0.05663719,0.7222966,0.009113759,-0.69048995,0.1419557,0.07712942,False,False,2,25,True,17,17,0,2.74823156469584,-1.087518430252957,2.74823156469584,-1.087518430252957,0.0,False,False,nan,False
59,0.056831647,0.7061923,0.017261181,-0.71595764,0.14413272,0.043540034,False,False,3,25,False,17,17,0,-1.205430313594859,-2.292948743847816,-1.205430313594859,-2.292948743847816,0.0,False,False,nan,False
60,0.05710735,0.68951684,0.027505636,-0.74113685,0.1441985,0.0013157867,False,False,3,25,True,18,18,0,-0.9249459516912839,-3.2178946955391003,-0.9249459516912839,-3.2178946955391003,0.0,False,False,nan,False
61,0.057130337,0.673104,0.00301389,-0.72938645,0.14349,-0.014170173,False,False,2,25,False,18,18,0,2.6316444533462517,-0.5862502421928486,2.6316444533462517,-0.5862502421928486,0.0,False,False,nan,False
62,0.056927968,0.65710944,-0.018945644,-0.7107474,0.14219849,-0.02583066,False,False,2,25,True,19,19,0,3.263769082398949,2.6775188402061003,3.263769082398949,2.6775188402061003,0.0,False,False,nan,False
63,0.056495667,0.64143723,-0.041280102,-0.69636065,0.14025763,-0.0388171,False,False,2,25,False,19,19,0,2.8008030279220977,5.478321868128198,2.8008030279220977,5.478321868128198,0.0,False,False,nan,False
64,0.056106377,0.626654,-0.03781841,-0.6569284,0.13915616,-0.02202915,False,False,2,25,True,20,20,0,5.2428142397837805,10.721136107911978,5.2428142397837805,10.721136107911978,0.0,False,False,nan,False
65,0.055804156,0.61129904,-0.026853878,-0.68213296,0.13580337,-0.06705614,False,False,3,25,False,20,20,0,-0.6272634191683142,10.093872688743664,-0.6272634191683142,10.093872688743664,0.0,False,False,nan,False
66,0.05556822,0.5953524,-0.018553061,-0.70828545,0.13077724,-0.10052236,False,False,3,25,True,21,21,0,-0.5240113048165245,9.56986138392714,-0.5240113048165245,9.56986138392714,0.0,False,False,nan,False
67,0.05531311,0.57987624,-0.020795893,-0.6874253,0.12609464,-0.093651965,False,False,2,25,False,21,21,0,3.790296149312849,13.360157533239988,3.790296149312849,13.360157533239988,0.0,False,False,nan,False
68,0.055029772,0.56432635,-0.023708876,-0.69072217,0.12148584,-0.09217582,False,False,2,25,True,22,22,0,1.3724911712604466,14.732648704500434,1.3724911712604466,14.732648704500434,0.0,False,False,nan,False
69,0.05460205,0.5490207,-0.037781958,-0.67985314,0.11653039,-0.099109046,False,False,2,25,False,22,22,0,2.7456076237732647,17.478256328273698,2.7456076237732647,17.478256328273698,0.0,False,False,nan,False
70,0.054110907,0.53461504,-0.04437419,-0.63988847,0.11182145,-0.094178766,False,False,2,25,True,23,23,0,5.556863837773261,23.03512016604696,5.556863837773261,23.03512016604696,0.0,False,False,nan,False
71,0.053592302,0.5201465,-0.047176737,-0.6427043,0.107171215,-0.093004666,False,False,2,25,False,23,23,0,1.3088349940864077,24.343955160133365,1.3088349940864077,24.343955160133365,0.0,False,False,nan,False
72,0.05312376,0.50652486,-0.042873528,-0.60512435,0.10322929,-0.07883896,False,False,2,25,True,24,24,0,5.233119361833201,29.577074521966566,5.233119361833201,29.577074521966566,0.0,False,False,nan,False
73,0.052695848,0.49296543,-0.039225128,-0.6024023,0.099684075,-0.07090425,False,False,2,25,False,24,24,0,1.7037600878080468,31.28083460977461,1.7037600878080468,31.28083460977461,0.0,False,False,nan,False
74,0.05226612,0.47952062,-0.039603435,-0.5973282,0.096350715,-0.06666727,False,False,2,25,True,25,25,0,1.8785035823291139,33.159338192103725,1.8785035823291139,33.159338192103725,0.0,False,False,nan,False
75,0.051672556,0.46701908,-0.05569293,-0.55539066,0.09272084,-0.07259773,False,False,2,25,False,25,25,0,5.358505953312883,38.51784414541661,5.358505953312883,38.51784414541661,0.0,False,False,nan,False
76,0.050921917,0.4545213,-0.07084655,-0.55520284,0.08853979,-0.08362097,False,False,2,25,True,26,26,0,1.215642913528822,39.733487058945435,1.215642913528822,39.733487058945435,0.0,False,False,nan,False
77,0.05017128,0.44142365,-0.07084635,-0.58187103,0.084358744,-0.08362088,False,False,0,25,False,26,26,0,-0.9183126919341333,38.8151743670113,-0.9183126919341333,38.8151743670113,0.0,False,False,nan,False
78,0.049420547,0.4277263,-0.07084616,-0.6085392,0.0801777,-0.08362078,False,False,0,25,True,27,27,0,-0.8606307687128663,37.954543598298436,-0.8606307687128663,37.954543598298436,0.0,False,False,nan,False
79,0.048487663,0.41453877,-0.08848741,-0.5858646,0.075431116,-0.094931826,False,False,2,25,False,27,27,0,3.509355391495018,41.46389898979346,3.509355391495018,41.46389898979346,0.0,False,False,nan,False
80,0.047460746,0.40141976,-0.09761433,-0.5828193,0.07040594,-0.1005036,False,False,2,25,True,28,28,0,1.6746378851292973,43.13853687492276,1.6746378851292973,43.13853687492276,0.0,False,False,nan,False
81,0.046433736,0.3877011,-0.097614095,-0.6094881,0.06538078,-0.10050343,False,False,0,25,False,28,28,0,-0.7549043462781526,42.383632528644604,-0.7549043462781526,42.383632528644604,0.0,False,False,nan,False
82,0.04540682,0.37338275,-0.097613886,-0.6361569,0.06035562,-0.10050323,False,False,0,25,True,29,29,0,-0.6983590381820051,41.6852734904626,-0.6983590381820051,41.6852734904626,0.0,False,False,nan,False
83,0.04420023,0.35937297,-0.11490409,-0.6224383,0.05467035,-0.113705516,False,False,2,25,False,29,29,0,2.7385060476082375,44.42377953807084,2.7385060476082375,44.42377953807084,0.0,False,False,nan,False
84,0.042792417,0.34596765,-0.13428465,-0.59556985,0.04825907,-0.12822577,False,False,2,25,True,30,30,0,3.9322457363613355,48.35602527443218,3.9322457363613355,48.35602527443218,0.0,False,False,nan,False
85,0.041517545,0.33296272,-0.12177628,-0.5778218,0.042610355,-0.11297417,False,False,2,25,False,30,30,0,3.5717964905087856,51.927821764940965,3.5717964905087856,51.927821764940965,0.0,False,False,nan,False
86,0.040049363,0.3205197,-0.14035414,-0.55285543,0.03622112,-0.12778476,False,False,2,25,True,31,31,0,3.603967723225151,55.53178948816612,3.603967723225151,55.53178948816612,0.0,False,False,nan,False
87,0.038650416,0.30888793,-0.13391002,-0.51683533,0.030310027,-0.11822201,False,False,2,25,False,31,31,0,5.111844138552667,60.64363362671879,5.111844138552667,60.64363362671879,0.0,False,False,nan,False
88,0.037178803,0.29722983,-0.14089711,-0.5180242,0.024116283,-0.12387476,False,False,2,25,True,32,32,0,1.2002039006366914,61.84383752735548,1.2002039006366914,61.84383752735548,0.0,False,False,nan,False
89,0.035723783,0.28641495,-0.13940671,-0.48057607,0.018107729,-0.120171204,False,False,2,25,False,32,32,0,5.037658295361735,66.88149582271721,5.037658295361735,66.88149582271721,0.0,False,False,nan,False
90,0.034403704,0.27578074,-0.1265972,-0.47257635,0.012766641,-0.10682187,False,False,2,25,True,33,33,0,2.4204873807700524,69.30198320348727,2.4204873807700524,69.30198320348727,0.0,False,False,nan,False
91,0.032989502,0.2652912,-0.13560684,-0.46616343,0.0070191855,-0.11494889,False,False,2,25,False,33,33,0,1.7083897151574206,71.01037291864469,1.7083897151574206,71.01037291864469,0.0,False,False,nan,False
92,0.03153429,0.25558105,-0.1395324,-0.4315472,0.001112837,-0.11812706,False,False,2,25,True,34,34,0,4.466454563532321,75.47682748217701,4.466454563532321,75.47682748217701,0.0,False,False,nan,False
93,0.03017826,0.24678655,-0.13008842,-0.39086953,-0.004329419,-0.10884528,False,False,2,25,False,34,34,0,4.427275788223693,79.90410327040071,4.427275788223693,79.90410327040071,0.0,False,False,nan,False
94,0.028778743,0.23799485,-0.1342304,-0.39077243,-0.009981035,-0.11303226,False,False,2,25,True,35,35,0,-0.09901065295055672,79.80509261745016,-0.09901065295055672,79.80509261745016,0.0,False,False,nan,False
95,0.027266216,0.22943367,-0.14496343,-0.38055235,-0.01618017,-0.12398271,False,False,2,25,False,35,35,0,0.5437264953335414,80.3488191127837,0.5437264953335414,80.3488191127837,0.0,False,False,nan,False
96,0.025799941,0.22095853,-0.1405308,-0.37675208,-0.022199927,-0.12039546,False,False,2,25,True,36,36,0,0.4688296620115267,80.81764877479523,0.4688296620115267,80.81764877479523,0.0,False,False,nan,False
97,0.024386693,0.21300216,-0.13540235,-0.35371315,-0.02805095,-0.11702065,False,False,2,25,False,36,36,0,2.2579544721593807,83.07560324695461,2.2579544721593807,83.07560324695461,0.0,False,False,nan,False
98,0.02282982,0.2057861,-0.14897054,-0.32085267,-0.03468151,-0.13261124,False,False,2,25,True,37,37,0,2.2708785943918857,85.3464818413465,2.2708785943918857,85.3464818413465,0.0,False,False,nan,False
99,0.02119627,0.19796914,-0.15858918,-0.347537,-0.03938717,-0.09411307,False,False,1,25,False,37,37,0,-2.5319409282842984,82.8145409130622,-2.5319409282842984,82.8145409130622,0.0,False,False,nan,False
100,0.019491483,0.1895631,-0.16754313,-0.37367997,-0.042293232,-0.058121055,False,False,1,25,True,38,38,0,-2.21778001035092,80.59676090271128,-2.21778001035092,80.59676090271128,0.0,False,False,nan,False
101,0.017960167,0.18192674,-0.1508179,-0.33945993,-0.044575408,-0.045643467,False,False,2,25,False,38,38,0,4.053484225895073,84.65024512860636,4.053484225895073,84.65024512860636,0.0,False,False,nan,False
102,0.016365623,0.17468613,-0.15671864,-0.32189193,-0.04728702,-0.054232083,False,False,2,25,True,39,39,0,1.5088216445001137,86.15906677310647,1.5088216445001137,86.15906677310647,0.0,False,False,nan,False
103,0.0146986,0.16794063,-0.16346154,-0.29990426,-0.05049275,-0.064114556,False,False,2,25,False,39,39,0,1.7119758540149064,87.87104262712138,1.7119758540149064,87.87104262712138,0.0,False,False,nan,False
104,0.013228035,0.16186903,-0.14453223,-0.26993746,-0.052988738,-0.04991976,False,False,2,25,True,40,40,0,3.6040853561911605,91.47512798331255,3.6040853561911605,91.47512798331255,0.0,False,False,nan,False
105,0.011757469,0.15519741,-0.14453228,-0.29660466,-0.055484734,-0.04991976,False,False,0,25,False,40,40,0,-1.9479124905168774,89.52721549279568,-1.9479124905168774,89.52721549279568,0.0,False,False,nan,False
106,0.010286903,0.14792591,-0.14453232,-0.32327184,-0.05798072,-0.04991972,False,False,0,25,True,41,41,0,-1.930224433746524,87.59699105904915,-1.930224433746524,87.59699105904915,0.0,False,False,nan,False
107,0.008812999,0.1406404,-0.14474699,-0.3239073,-0.06059684,-0.05232218,False,False,2,25,False,41,41,0,0.10830829440928086,87.70529935345843,0.10830829440928086,87.70529935345843,0.0,False,False,nan,False
108,0.0072158813,0.13412899,-0.15623134,-0.28954226,-0.06403811,-0.06882562,False,False,2,25,True,42,42,0,2.5927315644112783,90.29803091786971,2.5927315644112783,90.29803091786971,0.0,False,False,nan,False
109,0.0057064057,0.1280845,-0.14766921,-0.26878804,-0.0672854,-0.06494571,False,False,2,25,False,42,42,0,2.2186108825932935,92.516641800463,2.2186108825932935,92.516641800463,0.0,False,False,nan,False
110,0.0041295053,0.12248097,-0.15387893,-0.2492247,-0.07105948,-0.0754814,False,False,2,25,True,43,43,0,1.2665714879495311,93.78321328841254,1.2665714879495311,93.78321328841254,0.0,False,False,nan,False
111,0.0025891303,0.11689511,-0.15026283,-0.24844252,-0.07480025,-0.074815154,False,False,2,25,False,43,43,0,0.1439057836327507,93.92711907204529,0.1439057836327507,93.92711907204529,0.0,False,False,nan,False
112,0.0011343003,0.11208266,-0.14178175,-0.21407615,-0.07846227,-0.0732405,False,False,2,25,True,44,44,0,3.175280634471908,97.10239970651719,3.175280634471908,97.10239970651719,0.0,False,False,nan,False
113,-0.00032052994,0.10667039,-0.1417819,-0.24074394,-0.08212429,-0.073240414,False,False,0,25,False,44,44,0,-2.0866571167922245,95.01574258972497,-2.0866571167922245,95.01574258972497,0.0,False,False,nan,False
114,-0.0017753601,0.10065838,-0.14178203,-0.2674117,-0.0857863,-0.07324038,False,False,0,25,True,45,45,0,-2.0946787398679376,92.92106384985703,-2.0946787398679376,92.92106384985703,0.0,False,False,nan,False
115,-0.0033420562,0.09468985,-0.15228084,-0.26552406,-0.09013399,-0.086954124,False,False,2,25,False,45,45,0,-0.48413890957654643,92.43692494028049,-0.48413890957654643,92.43692494028049,0.0,False,False,nan,False
116,-0.004925251,0.08935855,-0.1535096,-0.2372439,-0.09490093,-0.09533884,False,False,2,25,True,46,46,0,2.1002780641930814,94.53720300447357,2.1002780641930814,94.53720300447357,0.0,False,False,nan,False
117,-0.006567764,0.08343373,-0.1609526,-0.26353848,-0.098170675,-0.0653949,False,False,1,25,False,46,46,0,-2.399155607077303,92.13804739739626,-2.399155607077303,92.13804739739626,0.0,False,False,nan,False
118,-0.00830326,0.07692862,-0.17264715,-0.28917655,-0.09907153,-0.018017039,False,False,1,25,True,47,47,0,-2.287698864751461,89.8503485326448,-2.287698864751461,89.8503485326448,0.0,False,False,nan,False
119,-0.009948921,0.07116245,-0.16366169,-0.25633457,-0.09996669,-0.017903196,False,False,2,25,False,47,47,0,3.4293738356310373,93.27972236827584,3.4293738356310373,93.27972236827584,0.0,False,False,nan,False
120,-0.011488724,0.06600238,-0.15319468,-0.22939135,-0.100745656,-0.015579495,False,False,2,25,True,48,48,0,2.936429697398613,96.21615206567445,2.936429697398613,96.21615206567445,0.0,False,False,nan,False
121,-0.013061523,0.061272893,-0.15602316,-0.21028462,-0.101996176,-0.02501027,False,False,2,25,False,48,48,0,1.4091975754948194,97.62534964116927,1.4091975754948194,97.62534964116927,0.0,False,False,nan,False
122,-0.014701461,0.05719615,-0.16203073,-0.18132186,-0.103948876,-0.039054148,False,False,2,25,True,49,49,0,1.7316781906993028,99.35702783186856,1.7316781906993028,99.35702783186856,0.0,False,False,nan,False
123,-0.016341496,0.052519523,-0.16203079,-0.20798884,-0.10590159,-0.03905406,False,False,0,25,False,49,49,0,-1.8384483375180665,97.51857949435049,-1.8384483375180665,97.51857949435049,0.0,False,False,nan,False
124,-0.017981434,0.047242936,-0.16203083,-0.23465583,-0.10785429,-0.03905406,False,False,0,25,True,50,50,0,-1.9006967241536472,95.61788277019684,-1.9006967241536472,95.61788277019684,0.0,False,False,nan,False
125,-0.019419003,0.042299017,-0.14241488,-0.21982798,-0.1091855,-0.026623964,False,False,2,25,False,50,50,0,2.290830791768383,97.90871356196523,2.290830791768383,97.90871356196523,0.0,False,False,nan,False
126,-0.02074461,0.03761817,-0.13145895,-0.20811692,-0.11029244,-0.022138521,False,False,2,25,True,51,51,0,1.5247178736742668,99.43343143563949,1.5247178736742668,99.43343143563949,0.0,False,False,nan,False
127,-0.022070313,0.032337364,-0.13145897,-0.23478366,-0.111399375,-0.022138517,False,False,0,25,False,51,51,0,-2.02218499611147,97.41124643952801,-2.02218499611147,97.41124643952801,0.0,False,False,nan,False
128,-0.023396015,0.026456676,-0.131459,-0.26145044,-0.11250631,-0.02213854,False,False,0,25,True,52,52,0,-2.083134708374047,95.32811173115397,-2.083134708374047,95.32811173115397,0.0,False,False,nan,False
129,-0.024702359,0.021406755,-0.12910819,-0.2245542,-0.1140191,-0.030256096,False,False,2,25,False,52,52,0,3.173272921529926,98.5013846526839,3.173272921529926,98.5013846526839,0.0,False,False,nan,False
130,-0.025778675,0.017233023,-0.106653705,-0.18557397,-0.114992656,-0.01947081,False,False,2,25,True,53,53,0,4.269046355654436,102.77043100833833,4.269046355654436,102.77043100833833,0.0,False,False,nan,False
131,-0.026854897,0.012459264,-0.10665373,-0.21224071,-0.1159662,-0.019470781,False,False,0,25,False,53,53,0,-2.306188288040218,100.46424272029812,-2.306188288040218,100.46424272029812,0.0,False,False,nan,False
132,-0.027860928,0.007850406,-0.118102774,-0.2035694,-0.09861195,0.3470539,True,False,0,25,True,54,54,0,12.019596643589864,112.48383936388798,12.019596643589864,112.48383936388798,0.0,False,False,0.2035694,True
133,-0.02876835,0.0043885685,-0.12657869,-0.15189566,-0.0630461,0.7113913,True,False,2,25,False,54,54,0,7.003551478689709,119.4873908425777,7.003551478689709,119.4873908425777,0.0,False,False,nan,True
134,-0.029698659,0.0019891358,-0.13881774,-0.10535261,-0.017723732,0.90654784,True,False,2,25,True,55,54,1,6.51129232243725,125.99868316501495,6.51129232243725,125.99868316501495,0.0,False,False,nan,True
135,-0.030470466,0.00043381215,-0.12213342,-0.06919165,0.026657132,0.8876174,True,True,2,25,False,55,54,1,12.125567934444565,138.1242510994595,12.125567934444565,138.1242510994595,0.0,False,False,nan,True
136,-0.031183338,0.00028782844,-0.101318,-0.0074698827,0.055641975,0.57881904,False,True,2,25,True,56,54,2,-9.391781056214185,128.7324700432453,-9.391781056214185,128.7324700432453,0.0,False,False,nan,True
137,-0.031921197,0.00022263288,-0.08149954,-0.0032107458,0.06325469,0.1522254,False,True,3,25,False,56,54,2,1.1380211340192663,129.87049117726457,1.1380211340192663,129.87049117726457,0.0,False,False,nan,True
138,-0.032670878,0.00016512633,-0.06350678,-0.0021115397,0.051900323,-0.2271041,False,True,3,1,True,57,54,3,2.8325929529054608,132.70308413017003,2.8325929529054608,132.70308413017003,0.0,False,False,nan,True
139,-0.03348293,-0.00011629105,-0.0591887,-0.011891031,0.030135365,-0.43531537,False,True,0,1,False,57,54,3,2.4123654955426677,135.1154496257127,2.4123654955426677,135.1154496257127,0.0,False,False,nan,True
140,-0.034316827,-0.0008420968,-0.057246618,-0.03193536,0.0043076463,-0.51657724,False,True,0,1,False,57,54,3,1.9803206338174935,137.09577025953018,1.9803206338174935,137.09577025953018,0.0,False,False,nan,True
141,-0.034912873,-0.0016064191,-0.05355389,-0.033968616,-0.0016403296,-0.11894047,True,True,0,1,False,57,54,3,10.417815270056442,147.51358552958663,10.417815270056442,147.51358552958663,0.0,False,False,nan,True
142,-0.035341263,-0.0020487332,-0.045223035,-0.019670673,0.0007028586,0.04684896,True,True,0,1,False,57,54,3,1.4589123479830288,148.97249787756965,1.4589123479830288,148.97249787756965,0.0,False,False,nan,True
143,-0.03564415,-0.0020135783,-0.03526834,0.001540109,0.0056072604,0.09807384,True,True,0,1,False,57,54,3,0.880916834325431,149.85341471189508,0.880916834325431,149.85341471189508,0.0,False,False,nan,True
144,-0.03593731,-0.0017074132,-0.026889708,0.013609675,0.0032169013,-0.04780065,True,True,0,1,False,57,54,3,0.727776331211814,150.5811910431069,0.727776331211814,150.5811910431069,0.0,False,False,nan,True
145,-0.036191843,-0.0010969425,-0.02068934,0.027139323,-0.0014725863,-0.093766496,True,True,0,1,False,57,54,3,-0.2474737321415077,150.3337173109654,-0.2474737321415077,150.3337173109654,0.0,False,False,nan,True
146,-0.036397457,-0.0010063553,-0.019839551,0.0040204185,-0.0021755279,-0.014048504,True,True,0,1,False,57,54,3,1.2977453502007137,151.6314626611661,1.2977453502007137,151.6314626611661,0.0,False,False,nan,True
147,-0.03654909,-0.0010090732,-0.015151622,-0.00012505184,-0.0021730594,5.6667865e-05,True,True,0,1,False,57,54,3,0.49414954021910873,152.1256122013852,0.49414954021910873,152.1256122013852,0.0,False,False,nan,True
148,-0.036643885,-0.001009717,-0.009474402,-2.9216842e-05,-0.0021727495,1.3209118e-05,True,True,0,1,False,57,54,3,0.5583223431217181,152.6839345445069,0.5583223431217181,152.6839345445069,0.0,False,False,nan,True
149,-0.036682032,-0.001009717,-0.0038111869,4.5156077e-07,-0.002173049,-1.7888321e-07,True,True,0,1,False,57,54,3,0.5624828084336109,153.2464173529405,0.5624828084336109,153.2464173529405,0.0,False,False,nan,True
150,-0.036676217,-0.0010096454,0.0006026975,5.170498e-07,-0.0021823037,-0.00017530067,True,True,0,1,False,57,54,3,0.32050516350198954,153.5669225164425,0.32050516350198954,153.5669225164425,0.0,False,False,nan,True
151,-0.03666029,-0.0010096454,0.0016320199,8.573831e-07,-0.0022068748,-0.00047445687,True,True,0,1,False,57,54,3,-0.10379731492279198,153.46312520151972,-0.10379731492279198,153.46312520151972,0.0,False,False,nan,True
152,-0.0366519,-0.0010095739,0.0008645528,4.6062146e-07,-0.0022199722,-0.0002512699,True,True,0,1,False,57,54,3,0.07627608799641727,153.53940128951612,0.07627608799641727,153.53940128951612,0.0,False,False,nan,True
153,-0.03665161,-0.0010095739,3.1506097e-05,1.3548121e-08,-0.002220598,-9.164499e-06,True,True,0,1,False,57,54,3,0.0832706965997474,153.62267198611588,0.0832706965997474,153.62267198611588,0.0,False,False,nan,True
154,-0.036654092,-0.0010095739,-0.00026045387,-1.4673824e-07,-0.0022168388,7.564129e-05,True,True,0,1,False,57,54,3,-0.022766715031657725,153.59990527108422,-0.022766715031657725,153.59990527108422,0.0,False,False,nan,True
155,-0.036655903,-0.0010095739,-0.00017952178,-1.0142649e-07,-0.0022142758,5.213639e-05,True,True,0,1,False,57,54,3,0.008168381281244308,153.60807365236548,0.008168381281244308,153.60807365236548,0.0,False,False,nan,True
156,-0.03665619,-0.0010095739,-3.2064458e-05,-1.8406801e-08,-0.0022138793,9.309782e-06,True,True,0,1,False,57,54,3,0.01475678678036374,153.62283043914584,0.01475678678036374,153.62283043914584,0.0,False,False,nan,True
157,-0.036655806,-0.0010095739,3.7465215e-05,2.2452104e-08,-0.0022145025,-1.0889971e-05,True,True,0,1,False,57,54,3,-0.0005642721023555453,153.62226616704348,-0.0005642721023555453,153.62226616704348,0.0,False,False,nan,True
158,-0.036655426,-0.0010095739,3.474319e-05,2.2395268e-08,-0.002215081,-1.0096022e-05,True,True,0,1,False,57,54,3,0.00025249992793163756,153.62251866697142,0.00025249992793163756,153.62251866697142,0.0,False,False,nan,True
159,-0.03665533,-0.0010095739,1.0386054e-05,6.1187904e-09,-0.002215273,-3.0215438e-06,True,True,0,1,False,57,54,3,0.0024260386822483326,153.62494470565366,0.0024260386822483326,153.62494470565366,0.0,False,False,nan,True
160,-0.03665533,-0.0010095739,-4.555928e-06,-2.5955407e-09,-0.002215243,1.3533457e-06,True,True,0,1,False,57,54,3,0.000586016209933149,153.62553072186358,0.000586016209933149,153.62553072186358,0.0,False,False,nan,True
161,-0.036655426,-0.0010095739,-6.348876e-06,-3.959486e-09,-0.002215177,1.8663235e-06,True,True,0,1,False,57,54,3,-0.00018223887271773265,153.62534848299086,-0.00018223887271773265,153.62534848299086,0.0,False,False,nan,True
162,-0.036655426,-0.0010095739,-2.6609332e-06,-1.308231e-09,-0.0022151605,8.199806e-07,True,True,0,1,False,57,54,3,0.0003704474878709618,153.62571893047874,0.0003704474878709618,153.62571893047874,0.0,False,False,nan,True
163,-0.036655426,-0.0010095739,3.288241e-07,1.4430306e-10,-0.0022151843,-5.9016532e-08,True,True,0,1,False,57,54,3,0.00023083606891205477,153.62594976654765,0.00023083606891205477,153.62594976654765,0.0,False,False,nan,True
164,-0.036655426,-0.0010095739,1.0777333e-06,4.1609122e-10,-0.002215214,-3.32637e-07,True,True,0,1,False,57,54,3,-7.787115951174428e-05,153.62587189538814,-7.787115951174428e-05,153.62587189538814,0.0,False,False,nan,True
165,-0.036655426,-0.0010095739,5.940944e-07,1.0037184e-09,-0.0022152353,-2.0745715e-07,True,True,0,1,False,57,54,3,4.624505491435116e-05,153.62591814044305,4.624505491435116e-05,153.62591814044305,0.0,False,False,nan,True
166,-0.036655426,-0.0010095739,4.9157485e-08,3.2922068e-10,-0.002215252,-8.906064e-08,True,True,0,1,False,57,54,3,5.281728546080444e-05,153.6259709577285,5.281728546080444e-05,153.6259709577285,0.0,False,False,nan,True
167,-0.036655426,-0.0010095739,-1.6385266e-07,3.8245965e-10,-0.0022152506,6.5770905e-08,True,True,0,1,False,57,54,3,-1.1329753181854585e-05,153.6259596279753,-1.1329753181854585e-05,153.6259596279753,0.0,False,False,nan,True
168,-0.036655426,-0.0010095739,-1.2976314e-07,2.6138688e-10,-0.0022152509,7.429201e-08,True,True,0,1,False,57,54,3,3.385687371348922e-06,153.62596301366267,3.385687371348922e-06,153.62596301366267,0.0,False,False,nan,True
169,-0.036655426,-0.0010095739,-5.1856762e-08,-7.858993e-11,-0.0022152497,7.599981e-08,True,True,0,1,False,57,54,3,7.90707294484605e-06,153.62597092073563,7.90707294484605e-06,153.62597092073563,0.0,False,False,nan,True
170,-0.036655426,-0.0010095739,5.084505e-09,-1.7662346e-09,-0.0022152448,4.869039e-10,True,True,0,1,False,57,54,3,5.136372131175904e-06,153.62597605710775,5.136372131175904e-06,153.62597605710775,0.0,False,False,nan,True
171,-0.036655426,-0.0010095739,3.8225885e-08,-1.0716737e-09,-0.0022152527,-9.172469e-08,True,True,0,1,False,57,54,3,-4.077460104667807e-06,153.62597197964766,-4.077460104667807e-06,153.62597197964766,0.0,False,False,nan,True
172,-0.036655426,-0.0010095739,3.9980215e-08,3.6333117e-10,-0.0022152527,-9.662816e-08,True,True,0,1,False,57,54,3,-1.740961508289729e-07,153.6259718055515,-1.740961508289729e-07,153.6259718055515,0.0,False,False,nan,True
173,-0.036655426,-0.0010095739,3.1675835e-08,2.8944718e-09,-0.002215259,-7.3543454e-08,True,True,0,1,False,57,54,3,1.8876303187198573e-07,153.62597199431454,1.8876303187198573e-07,153.62597199431454,0.0,False,False,nan,True
174,-0.036655426,-0.0010095739,0.0,0.0,-0.0022152544,0.0,True,True,0,1,False,57,54,3,100,253.62597199431454,100,253.62597199431454,0.0,True,False,nan,True
