step,x,y,vx,vy,angle,angular_velocity,left_leg_contact,right_leg_contact,navigation_action,current_fps,fresh_observation,n_fresh_observations,n_fresh_observations_before_touchdown,n_fresh_observations_after_touchdown,instant_nav_reward,cumulative_nav_reward,instant_adaptive_reward,cumulative_adaptive_reward,instant_frame_penalty,terminated,truncated,vy_at_touchdown,success
1,0.0034009933,1.3990908,0.16636133,-0.27567086,-0.0020826694,-0.0015051456,False,False,1,10,True,2,2,0,-1.032557850268687,-1.032557850268687,-1.032557850268687,-1.032557850268687,0.0,False,False,nan,False
2,0.0050638197,1.3922877,0.16636154,-0.3023531,-0.0021578409,-0.001503506,False,False,0,10,False,2,2,0,-1.6397630831498873,-2.6723209334185745,-1.6397630831498873,-2.6723209334185745,0.0,False,False,nan,False
3,0.0067266463,1.3848847,0.16636187,-0.32902548,-0.002232621,-0.0014958645,False,False,0,10,False,2,2,0,-1.6271838218645485,-4.299504755283123,-1.6271838218645485,-4.299504755283123,0.0,False,False,nan,False
4,0.008389473,1.3768816,0.16636208,-0.35569438,-0.0023073857,-0.0014956173,False,False,0,10,False,2,2,0,-1.606500766216783,-5.906005521499906,-1.606500766216783,-5.906005521499906,0.0,False,False,nan,False
5,0.010052299,1.3682785,0.16636229,-0.38236257,-0.0023821457,-0.0014954248,False,False,0,10,False,2,2,0,-1.5792807223405418,-7.485286243840448,-1.5792807223405418,-7.485286243840448,0.0,False,False,nan,False
6,0.011715126,1.3590753,0.1663625,-0.4090309,-0.0024569002,-0.0014952056,False,False,0,10,True,3,3,0,-1.546737283519235,-9.032023527359684,-1.546737283519235,-9.032023527359684,0.0,False,False,nan,False
7,0.013286209,1.3492743,0.15484694,-0.43560162,-0.00022278946,0.04468647,False,False,1,10,False,3,3,0,-0.9016736525157956,-9.933697179875479,-0.9016736525157956,-9.933697179875479,0.0,False,False,nan,False
8,0.014778423,1.3388813,0.14495549,-0.46192122,0.0039915466,0.084294535,False,False,1,10,False,3,3,0,-1.5517841002372552,-11.485481280112733,-1.5517841002372552,-11.485481280112733,0.0,False,False,nan,False
9,0.016197681,1.3278867,0.13581358,-0.48866984,0.010035042,0.12088104,False,False,1,10,False,3,3,0,-1.8426566665347923,-13.328137946647525,-1.8426566665347923,-13.328137946647525,0.0,False,False,nan,False
10,0.017529298,1.3162885,0.12482705,-0.5155577,0.018276712,0.16484854,False,False,1,10,False,3,3,0,-2.022359506214029,-15.350497452861553,-2.022359506214029,-15.350497452861553,0.0,False,False,nan,False
11,0.01876831,1.3040993,0.11321974,-0.5419061,0.028835582,0.21119682,False,False,1,10,True,4,4,0,-2.1841183943693907,-17.534615847230945,-2.1841183943693907,-17.534615847230945,0.0,False,False,nan,False
12,0.020091247,1.2913214,0.12377175,-0.56809336,0.03726665,0.16863643,False,False,3,10,False,4,4,0,-2.378746297824391,-19.913362145055338,-2.378746297824391,-19.913362145055338,0.0,False,False,nan,False
13,0.021486377,1.2779429,0.13282658,-0.5947896,0.043879896,0.13227719,False,False,3,10,False,4,4,0,-2.157914954104966,-22.071277099160305,-2.157914954104966,-22.071277099160305,0.0,False,False,nan,False
14,0.02297287,1.2639822,0.14431638,-0.6206099,0.048173998,0.08589001,False,False,3,10,False,4,4,0,-1.8389770283011433,-23.91025412746145,-1.8389770283011433,-23.91025412746145,0.0,False,False,nan,False
15,0.02455473,1.2494315,0.15626773,-0.64676034,0.050063852,0.037800543,False,False,3,10,False,4,4,0,-1.587405170264417,-25.497659297725868,-1.587405170264417,-25.497659297725868,0.0,False,False,nan,False
16,0.026207734,1.2342954,0.1652151,-0.6727159,0.05014872,0.0016974736,False,False,3,10,True,5,5,0,-1.2621493187848205,-26.75980861651069,-1.2621493187848205,-26.75980861651069,0.0,False,False,nan,False
17,0.02780056,1.2185563,0.15766297,-0.69956887,0.0517487,0.032002464,False,False,1,10,False,5,5,0,-1.060822517483898,-27.82063113399459,-1.060822517483898,-27.82063113399459,0.0,False,False,nan,False
18,0.02931652,1.2022085,0.14802487,-0.72669613,0.05528402,0.07071286,False,False,1,10,False,5,5,0,-1.2031612817384871,-29.023792415733077,-1.2031612817384871,-29.023792415733077,0.0,False,False,nan,False
19,0.030761624,1.1852474,0.1391454,-0.75403845,0.06060667,0.106462285,False,False,1,10,False,5,5,0,-1.385374954352044,-30.40916737008512,-1.385374954352044,-30.40916737008512,0.0,False,False,nan,False
20,0.032125283,1.1676848,0.12893128,-0.7808767,0.0679716,0.14731188,False,False,1,10,False,5,5,0,-1.4824592441422328,-31.891626614227356,-1.4824592441422328,-31.891626614227356,0.0,False,False,nan,False
21,0.03341808,1.1495068,0.12004258,-0.8083527,0.07712803,0.18314466,False,False,1,10,True,6,6,0,-1.7090677308248974,-33.600694345052254,-1.7090677308248974,-33.600694345052254,0.0,False,False,nan,False
22,0.034799863,1.1307477,0.13123222,-0.8341017,0.08401568,0.13776535,False,False,3,10,False,6,6,0,-1.562295701619205,-35.16299004667146,-1.562295701619205,-35.16299004667146,0.0,False,False,nan,False
23,0.036267757,1.1114075,0.14206178,-0.85983527,0.08870849,0.09386436,False,False,3,10,False,6,6,0,-1.2838691275120186,-36.44685917418348,-1.2838691275120186,-36.44685917418348,0.0,False,False,nan,False
24,0.037803173,1.0914693,0.1505202,-0.88633436,0.09170525,0.059940506,False,False,3,10,False,6,6,0,-1.0953793670663277,-37.54223854124981,-1.0953793670663277,-37.54223854124981,0.0,False,False,nan,False
25,0.039400004,1.070911,0.15818241,-0.91379416,0.093192466,0.02974445,False,False,3,10,False,6,6,0,-0.965886941676614,-38.508125482926424,-0.965886941676614,-38.508125482926424,0.0,False,False,nan,False
26,0.041077994,1.0497718,0.16838378,-0.9394852,0.0926112,-0.011625264,False,False,3,10,True,7,7,0,-0.5729770874553981,-39.08110257038182,-0.5729770874553981,-39.08110257038182,0.0,False,False,nan,False
27,0.04286871,1.028916,0.1788849,-0.92694086,0.092801645,0.0038086057,False,False,2,10,False,7,7,0,2.7987700407672493,-36.28233252961457,2.7987700407672493,-36.28233252961457,0.0,False,False,nan,False
28,0.044452954,1.0087607,0.15881167,-0.8957683,0.09241258,-0.007781078,False,False,2,10,False,7,7,0,5.1764799800811945,-31.105852549533378,5.1764799800811945,-31.105852549533378,0.0,False,False,nan,False
29,0.04604292,0.9888148,0.15913276,-0.8864798,0.0922808,-0.0026358957,False,False,2,10,False,7,7,0,2.6072994164183685,-28.49855313311501,2.6072994164183685,-28.49855313311501,0.0,False,False,nan,False
30,0.04750433,0.9690847,0.14663261,-0.87685734,0.09178855,-0.0098448405,False,False,2,10,False,7,7,0,2.8746543040475787,-25.623898829067432,2.8746543040475787,-25.623898829067432,0.0,False,False,nan,False
31,0.04878044,0.9501645,0.12856497,-0.8408442,0.090841725,-0.018936686,False,False,2,25,True,8,8,0,5.519623333713139,-20.104275495354294,5.519623333713139,-20.104275495354294,0.0,False,False,nan,False
32,0.049986076,0.9313254,0.12166464,-0.8372259,0.08976158,-0.021603307,False,False,2,25,False,8,8,0,2.1426560573549525,-17.961619437999342,2.1426560573549525,-17.961619437999342,0.0,False,False,nan,False
33,0.051168345,0.912548,0.11924195,-0.83448815,0.08875636,-0.020104663,False,False,2,25,True,9,9,0,1.9744881420917977,-15.987131295907545,1.9744881420917977,-15.987131295907545,0.0,False,False,nan,False
34,0.052315332,0.89373565,0.11571872,-0.8360437,0.08774298,-0.020267468,False,False,2,25,False,9,9,0,1.567964523068224,-14.419166772839322,1.567964523068224,-14.419166772839322,0.0,False,False,nan,False
35,0.05345068,0.8758378,0.1142063,-0.79542446,0.08708612,-0.013137398,False,False,2,25,True,10,10,0,5.588780555727436,-8.830386217111887,5.588780555727436,-8.830386217111887,0.0,False,False,nan,False
36,0.054433443,0.858565,0.09931597,-0.7676247,0.08605448,-0.020632815,False,False,2,25,False,10,10,0,4.476880671187456,-4.35350554592443,4.476880671187456,-4.35350554592443,0.0,False,False,nan,False
37,0.05517187,0.84198517,0.07567157,-0.7367735,0.08423977,-0.036294058,False,False,2,25,True,11,11,0,4.868615381845939,0.5151098359215087,4.868615381845939,0.5151098359215087,0.0,False,False,nan,False
38,0.055979826,0.8253431,0.08215672,-0.7395761,0.082885,-0.027095404,False,False,2,25,False,11,11,0,1.1430258285572108,1.6581356644787195,1.1430258285572108,1.6581356644787195,0.0,False,False,nan,False
39,0.056850623,0.8088694,0.08795522,-0.7321184,0.08201655,-0.017368728,False,False,2,25,True,12,12,0,2.0985422390300075,3.756677903508727,2.0985422390300075,3.756677903508727,0.0,False,False,nan,False
40,0.057765294,0.7923476,0.09200143,-0.7342739,0.08149014,-0.010527993,False,False,2,25,False,12,12,0,1.1308472363402984,4.887525139849026,1.1308472363402984,4.887525139849026,0.0,False,False,nan,False
41,0.05855465,0.77668077,0.07968073,-0.69626606,0.080751404,-0.01477468,False,False,2,25,True,13,13,0,5.250891546722539,10.138416686571565,5.250891546722539,10.138416686571565,0.0,False,False,nan,False
42,0.059106063,0.76163363,0.056683373,-0.66867864,0.07921907,-0.030646583,False,False,2,25,False,13,13,0,4.322725085477697,14.461141772049263,4.322725085477697,14.461141772049263,0.0,False,False,nan,False
43,0.05958023,0.7469482,0.049096834,-0.65259963,0.077566236,-0.033056773,False,False,2,25,True,14,14,0,2.988886459164445,17.450028231213707,2.988886459164445,17.450028231213707,0.0,False,False,nan,False
44,0.060054492,0.73166287,0.049096864,-0.6792665,0.07591339,-0.033056855,False,False,0,25,False,14,14,0,-0.9744524984167242,16.475575732796983,-0.9744524984167242,16.475575732796983,0.0,False,False,nan,False
45,0.060528755,0.71577734,0.04909689,-0.7059334,0.07426055,-0.033056863,False,False,0,10,True,15,15,0,-0.9155959342634219,15.559979798533561,-0.9155959342634219,15.559979798533561,0.0,False,False,nan,False
46,0.060989093,0.69986445,0.04764075,-0.707165,0.07267473,-0.03171624,False,False,2,10,False,15,15,0,1.32716875369739,16.88714855223095,1.32716875369739,16.88714855223095,0.0,False,False,nan,False
47,0.061531447,0.6844095,0.055214323,-0.6868427,0.071704134,-0.019411763,False,False,2,10,False,15,15,0,3.3027098468014744,20.189858399032424,3.3027098468014744,20.189858399032424,0.0,False,False,nan,False
48,0.061881542,0.66926265,0.036679212,-0.6731122,0.07004723,-0.033138283,False,False,2,10,False,15,15,0,2.865691285626764,23.055549684659187,2.865691285626764,23.055549684659187,0.0,False,False,nan,False
49,0.062330056,0.65494996,0.04575921,-0.63608134,0.06915482,-0.017848128,False,False,2,10,False,15,15,0,4.848637475828252,27.90418716048744,4.848637475828252,27.90418716048744,0.0,False,False,nan,False
50,0.06273937,0.6415607,0.041687846,-0.59504116,0.068406254,-0.014971648,False,False,2,10,True,16,16,0,5.226215917521256,33.1304030780087,5.226215917521256,33.1304030780087,0.0,False,False,nan,False
51,0.06314869,0.6275715,0.041687854,-0.62170786,0.067657664,-0.014971659,False,False,0,10,False,16,16,0,-1.1975317517242274,31.93287132628447,-1.1975317517242274,31.93287132628447,0.0,False,False,nan,False
52,0.06355791,0.6129822,0.041687857,-0.64837456,0.066909105,-0.014971644,False,False,0,10,False,16,16,0,-1.1388594223051882,30.794011903979282,-1.1388594223051882,30.794011903979282,0.0,False,False,nan,False
53,0.06396723,0.59779304,0.041687865,-0.6750412,0.06616052,-0.01497166,False,False,0,10,False,16,16,0,-1.0802553437577842,29.713756560221498,-1.0802553437577842,29.713756560221498,0.0,False,False,nan,False
54,0.06437655,0.5820039,0.04168787,-0.70170784,0.06541195,-0.014971659,False,False,0,10,False,16,16,0,-1.0217050345036682,28.69205152571783,-1.0217050345036682,28.69205152571783,0.0,False,False,nan,False
55,0.06478576,0.56561464,0.041687872,-0.7283745,0.06466337,-0.014971678,False,False,0,10,True,17,17,0,-0.9632243591901499,27.72882716652768,-0.9632243591901499,27.72882716652768,0.0,False,False,nan,False
56,0.06511965,0.5501318,0.034184974,-0.6880952,0.063866675,-0.01593369,False,False,2,10,False,17,17,0,5.37596557620152,33.1047927427292,5.37596557620152,33.1047927427292,0.0,False,False,nan,False
57,0.065275766,0.53523844,0.017013544,-0.6618654,0.062484376,-0.027645808,False,False,2,10,False,17,17,0,4.001046591253851,37.105839333983056,4.001046591253851,37.105839333983056,0.0,False,False,nan,False
58,0.065463066,0.5212837,0.019682294,-0.6201744,0.061542455,-0.01883839,False,False,2,10,False,17,17,0,5.3365452599605705,42.44238459394363,5.3365452599605705,42.44238459394363,0.0,False,False,nan,False
59,0.06551571,0.50794566,0.0066045197,-0.5927433,0.060209513,-0.02665866,False,False,2,10,False,17,17,0,3.9264146263902093,46.36879922033384,3.9264146263902093,46.36879922033384,0.0,False,False,nan,False
60,0.0654192,0.49463785,-0.0077287965,-0.5913835,0.05830513,-0.038087558,False,False,2,10,True,18,18,0,1.3458746357902924,47.714673856124136,1.3458746357902924,47.714673856124136,0.0,False,False,nan,False
61,0.06532268,0.48073006,-0.0077287694,-0.6180504,0.056400746,-0.03808757,False,False,0,10,False,18,18,0,-1.096302927261064,46.61837092886307,-1.096302927261064,46.61837092886307,0.0,False,False,nan,False
62,0.065226175,0.4662223,-0.0077287434,-0.6447174,0.054496367,-0.03808754,False,False,0,10,False,18,18,0,-1.0375677124995235,45.58080321636355,-1.0375677124995235,45.58080321636355,0.0,False,False,nan,False
63,0.06512966,0.4511146,-0.007728718,-0.6713844,0.05259198,-0.03808753,False,False,0,10,False,18,18,0,-0.9789750388457605,44.60182817751779,-0.9789750388457605,44.60182817751779,0.0,False,False,nan,False
64,0.06503315,0.43540692,-0.0077286945,-0.69805133,0.050687592,-0.038087502,False,False,0,10,False,18,18,0,-0.9205857831763922,43.681242394341396,-0.9205857831763922,43.681242394341396,0.0,False,False,nan,False
65,0.06493664,0.41909933,-0.007728672,-0.7247182,0.048783217,-0.03808748,False,False,0,10,True,19,19,0,-0.8624297281830735,42.81881266615832,-0.8624297281830735,42.81881266615832,0.0,False,False,nan,False
66,0.064800456,0.40278634,-0.011598255,-0.72495836,0.046785213,-0.039959945,False,False,2,10,False,19,19,0,1.4840934884641086,44.302906154622434,1.4840934884641086,44.302906154622434,0.0,False,False,nan,False
67,0.06476889,0.38724113,-0.0018257825,-0.690859,0.04546821,-0.026339974,False,False,2,10,False,19,19,0,4.785200287197978,49.088106441820415,4.785200287197978,49.088106441820415,0.0,False,False,nan,False
68,0.064708516,0.37218577,-0.0047344267,-0.6690895,0.04417071,-0.025949806,False,False,2,10,False,19,19,0,3.490394495119131,52.57850093693955,3.490394495119131,52.57850093693955,0.0,False,False,nan,False
69,0.06478109,0.35746136,0.007819352,-0.6543971,0.0436151,-0.01111246,False,False,2,10,False,19,19,0,2.670316834111799,55.24881777105135,2.670316834111799,55.24881777105135,0.0,False,False,nan,False
70,0.06496058,0.34324673,0.017864758,-0.6317659,0.043703303,0.0017640708,False,False,2,10,True,20,20,0,3.3281457330615867,58.57696350411294,3.3281457330615867,58.57696350411294,0.0,False,False,nan,False
71,0.065163806,0.3297932,0.019935597,-0.59794605,0.04408465,0.0076267943,False,False,2,10,False,20,20,0,4.35290268475178,62.92986618886472,4.35290268475178,62.92986618886472,0.0,False,False,nan,False
72,0.0655304,0.3163286,0.035427965,-0.59846216,0.045301218,0.02433121,False,False,2,10,False,20,20,0,0.7676337516133855,63.69749994047811,0.7676337516133855,63.69749994047811,0.0,False,False,nan,False
73,0.066016,0.30333295,0.04662492,-0.57764214,0.04721747,0.038324926,False,False,2,10,False,20,20,0,2.768421621465703,66.46592156194382,2.768421621465703,66.46592156194382,0.0,False,False,nan,False
74,0.06639977,0.29077464,0.036766015,-0.5582,0.04881446,0.031939827,False,False,2,10,False,20,20,0,2.7688171749734467,69.23473873691727,2.7688171749734467,69.23473873691727,0.0,False,False,nan,False
75,0.06660042,0.27828515,0.019197611,-0.5551151,0.049665645,0.017023895,False,False,2,10,True,21,21,0,1.2227262857302577,70.45746502264753,1.2227262857302577,70.45746502264753,0.0,False,False,nan,False
76,0.06672649,0.26594204,0.011975792,-0.5486056,0.05028688,0.012424724,False,False,2,10,False,21,21,0,1.504785061084459,71.96225008373199,1.504785061084459,71.96225008373199,0.0,False,False,nan,False
77,0.066807844,0.2544762,0.007482197,-0.5096141,0.050930943,0.012881528,False,False,2,10,False,21,21,0,4.650890226482486,76.61314031021448,4.650890226482486,76.61314031021448,0.0,False,False,nan,False
78,0.06687174,0.2434536,0.0056515746,-0.48991972,0.051658377,0.0145485,False,False,2,10,False,21,21,0,2.661813266349154,79.27495357656363,2.661813266349154,79.27495357656363,0.0,False,False,nan,False
79,0.06701708,0.23286818,0.013245916,-0.47050846,0.052927338,0.025379455,False,False,2,10,False,21,21,0,2.5139481279627747,81.78890170452641,2.5139481279627747,81.78890170452641,0.0,False,False,nan,False
80,0.06714258,0.22268151,0.011193136,-0.45278847,0.05426802,0.026813552,False,False,2,10,True,22,22,0,2.316344978030668,84.10524668255708,2.316344978030668,84.10524668255708,0.0,False,False,nan,False
81,0.06716089,0.21337238,0.0007286859,-0.41378096,0.055361286,0.02186512,False,False,2,10,False,22,22,0,4.394310950875334,88.49955763343242,4.394310950875334,88.49955763343242,0.0,False,False,nan,False
82,0.067156985,0.20402028,-0.0014837639,-0.41569167,0.056447204,0.02171833,False,False,2,10,False,22,22,0,0.29048730558595254,88.79004493901837,0.29048730558595254,88.79004493901837,0.0,False,False,nan,False
83,0.06707754,0.19528492,-0.008910788,-0.38827297,0.057395678,0.01896957,False,False,2,10,False,22,22,0,3.1675760033824902,91.95762094240087,3.1675760033824902,91.95762094240087,0.0,False,False,nan,False
84,0.067107394,0.18692008,0.0013439025,-0.37183446,0.0590213,0.03251255,False,False,2,10,False,22,22,0,1.9795188612583317,93.93713980365919,1.9795188612583317,93.93713980365919,0.0,False,False,nan,False
85,0.06716633,0.17943178,0.00384161,-0.33289585,0.06105004,0.040574815,False,False,2,10,True,23,23,0,4.090063116807632,98.02720292046682,4.090063116807632,98.02720292046682,0.0,False,False,nan,False
86,0.06702328,0.17238523,-0.015613621,-0.3132328,0.062342357,0.025846621,False,False,2,10,False,23,23,0,2.1638738885742983,100.19107680904112,2.1638738885742983,100.19107680904112,0.0,False,False,nan,False
87,0.06675978,0.16613196,-0.027366882,-0.27796844,0.06334662,0.020085279,False,False,2,10,False,23,23,0,3.6217412355358762,103.812818044577,3.6217412355358762,103.812818044577,0.0,False,False,nan,False
88,0.06645956,0.16006924,-0.031024039,-0.2694968,0.06433589,0.019785468,False,False,2,10,False,23,23,0,0.9772575335280151,104.79007557810502,0.9772575335280151,104.79007557810502,0.0,False,False,nan,False
89,0.06619835,0.15462185,-0.027544433,-0.24216534,0.06574673,0.028216789,False,False,2,10,False,23,23,0,2.8259999990584364,107.61607557716346,2.8259999990584364,107.61607557716346,0.0,False,False,nan,False
90,0.065916635,0.14987327,-0.029776225,-0.21112077,0.067325816,0.031581886,False,False,2,10,True,24,24,0,3.0405775700303694,110.65665314719382,3.0405775700303694,110.65665314719382,0.0,False,False,nan,False
91,0.0657175,0.14452945,-0.019398268,-0.23748095,0.06682351,-0.010046257,False,False,3,10,False,24,24,0,-1.9899804064394064,108.66667274075442,-1.9899804064394064,108.66667274075442,0.0,False,False,nan,False
92,0.06560202,0.13859397,-0.008904032,-0.26368,0.06421247,-0.05222101,False,False,3,10,False,24,24,0,-1.781445106579574,106.88522763417485,-1.781445106579574,106.88522763417485,0.0,False,False,nan,False
93,0.06557007,0.13207255,0.001575098,-0.28964517,0.059490107,-0.09444742,False,False,3,10,False,24,24,0,-1.5514525284618645,105.33377510571299,-1.5514525284618645,105.33377510571299,0.0,False,False,nan,False
94,0.06560831,0.12495655,0.01039137,-0.31602186,0.052998748,-0.12982693,False,False,3,10,False,24,24,0,-1.4031379620980562,103.93063714361493,-1.4031379620980562,103.93063714361493,0.0,False,False,nan,False
95,0.06571875,0.117240794,0.019447774,-0.34264958,0.04469553,-0.16606453,False,False,3,10,True,25,25,0,-1.2275653230974786,102.70307182051745,-1.2275653230974786,102.70307182051745,0.0,False,False,nan,False
96,0.06577005,0.108915865,0.012020795,-0.36980486,0.037886493,-0.13618097,False,False,1,10,False,25,25,0,-1.3119895214565875,101.39108229906087,-1.3119895214565875,101.39108229906087,0.0,False,False,nan,False
97,0.06573267,0.09998725,0.0009088061,-0.39671454,0.033304673,-0.09163624,False,False,1,10,False,25,25,0,-1.4858889268761277,99.90519337218474,-1.4858889268761277,99.90519337218474,0.0,False,False,nan,False
98,0.06563129,0.09045776,-0.00713784,-0.4234686,0.030334512,-0.05940293,False,False,1,10,False,25,25,0,-1.6243179592599677,98.28087541292477,-1.6243179592599677,98.28087541292477,0.0,False,False,nan,False
99,0.06545725,0.08032051,-0.016248716,-0.45052204,0.029192563,-0.022839034,False,False,1,10,False,25,25,0,-1.830012099697696,96.45086331322707,-1.830012099697696,96.45086331322707,0.0,False,False,nan,False
100,0.06519242,0.06958145,-0.027633902,-0.47731373,0.030331077,0.022770146,False,False,1,10,True,26,26,0,-2.0471737910287033,94.40368952219838,-2.0471737910287033,94.40368952219838,0.0,False,False,nan,False
101,0.06476259,0.05979732,-0.0435031,-0.43486342,0.03085278,0.010433964,False,False,2,10,False,26,26,0,4.476023388314123,98.8797129105125,4.476023388314123,98.8797129105125,0.0,False,False,nan,False
102,0.064313605,0.05061637,-0.045456517,-0.40805164,0.0314001,0.010946665,False,False,2,10,False,26,26,0,2.921515191363935,101.80122810187643,2.921515191363935,101.80122810187643,0.0,False,False,nan,False
103,0.06385479,0.041737758,-0.04648248,-0.39461794,0.03198954,0.011788674,False,False,2,10,False,26,26,0,1.5197580647998705,103.3209861666763,1.5197580647998705,103.3209861666763,0.0,False,False,nan,False
104,0.063556,0.032863222,-0.031283982,-0.39445704,0.033378836,0.027785975,False,False,2,10,False,26,26,0,0.19969644375817525,103.52068261043448,0.19969644375817525,103.52068261043448,0.0,False,False,nan,False
105,0.06308536,0.024558887,-0.04778803,-0.3690978,0.03409428,0.014308954,False,False,2,10,True,27,27,0,2.3654191775005318,105.886101787935,2.3654191775005318,105.886101787935,0.0,False,False,nan,False
106,0.06275396,0.016211852,-0.03457635,-0.37101257,0.035512116,0.028356602,False,False,2,10,False,27,27,0,-0.19765994414371874,105.68844184379128,-0.19765994414371874,105.68844184379128,0.0,False,False,nan,False
107,0.062393475,0.008656071,-0.037497647,-0.3358493,0.03694845,0.028726768,False,False,2,10,False,27,27,0,3.207096579109309,108.89553842290059,3.207096579109309,108.89553842290059,0.0,False,False,nan,False
108,0.062162112,0.0013323522,-0.02528894,-0.3255524,0.03907652,0.042561375,False,True,2,10,False,27,27,0,10.708956400123807,119.6044948230244,10.708956400123807,119.6044948230244,0.0,False,False,0.3255524,True
109,0.061707783,-0.004438868,-0.03097454,-0.2564048,0.02402782,-0.30195123,False,True,2,10,False,27,27,0,8.062207123705829,127.66670194673023,8.062207123705829,127.66670194673023,0.0,False,False,nan,True
110,0.061166573,-0.008627155,-0.038582966,-0.18595268,0.008674894,-0.30706352,True,True,2,10,True,28,27,1,18.080385535446165,145.7470874821764,18.080385535446165,145.7470874821764,0.0,False,False,nan,True
111,0.060680103,-0.010880926,-0.0335072,-0.100148894,-0.0062710685,-0.29892188,True,True,2,10,False,28,27,1,8.383555690738788,154.1306431729152,8.383555690738788,154.1306431729152,0.0,False,False,nan,True
112,0.060361672,-0.011943045,-0.017704692,-0.047330074,-0.0202329,-0.27923912,True,True,2,10,False,28,27,1,3.822675074007994,157.9533182469232,3.822675074007994,157.9533182469232,0.0,False,False,nan,True
113,0.060079765,-0.011543002,-0.017726425,0.017604234,-0.030556504,-0.20645888,True,True,2,10,False,28,27,1,1.2580034501188961,159.2113216970421,1.2580034501188961,159.2113216970421,0.0,False,False,nan,True
114,0.06006031,-0.009492006,0.0010765753,0.09109472,-0.033538092,-0.05962923,True,True,2,10,False,28,27,1,-7.17271325198699,152.03860844505513,-7.17271325198699,152.03860844505513,0.0,False,False,nan,True
115,0.060082056,-0.0068861153,0.0008037747,0.11585733,-0.03217779,0.027200256,True,True,2,1,True,29,27,2,-2.606837362082781,149.43177108297235,-2.606837362082781,149.43177108297235,0.0,False,False,nan,True
116,0.060117245,-0.004706051,0.001028239,0.09694767,-0.029728213,0.048983864,True,True,0,1,False,29,27,2,2.153079483374132,151.5848505663465,2.153079483374132,151.5848505663465,0.0,False,False,nan,True
117,0.060158826,-0.003165927,0.0012542706,0.068505816,-0.026874177,0.05707684,True,True,0,1,False,29,27,2,3.134894647107185,154.71974521345368,3.134894647107185,154.71974521345368,0.0,False,False,nan,True
118,0.06019516,-0.0022344135,0.0010762014,0.041444976,-0.02434515,0.050579917,True,False,0,1,False,29,27,2,-7.040716301315687,147.679028912138,-7.040716301315687,147.679028912138,0.0,False,False,nan,True
119,0.06023159,-0.0019027853,0.0010767763,0.0147774415,-0.021816254,0.05057758,False,False,0,1,False,29,27,2,-7.085379859451319,140.5936490526867,-7.085379859451319,140.5936490526867,0.0,False,False,nan,True
120,0.060267925,-0.0021710778,0.0010778804,-0.011889008,-0.019286543,0.050593697,False,False,0,1,False,29,27,2,0.5363182253723977,141.1299672780591,0.5363182253723977,141.1299672780591,0.0,False,False,nan,True
121,0.060315706,-0.0029322528,-0.0006846692,-0.033771656,-0.013882518,0.108096935,True,False,0,1,False,29,27,2,8.348327647101684,149.47829492516078,8.348327647101684,149.47829492516078,0.0,False,False,nan,True
122,0.06031437,-0.00346004,0.0027650136,-0.023501338,-0.016750574,-0.05736938,True,True,0,1,False,29,27,2,10.722050981544381,160.20034590670517,10.722050981544381,160.20034590670517,0.0,False,False,nan,True
123,0.06031885,-0.0037527226,0.0024789,-0.013046865,-0.018759686,-0.04019181,True,True,0,1,False,29,27,2,0.8352108171212507,161.0355567238264,0.8352108171212507,161.0355567238264,0.0,False,False,nan,True
124,0.060331058,-0.0037226463,0.000860941,0.001340614,-0.018409768,0.006993071,True,True,0,1,False,29,27,2,1.20266113555968,162.23821785938608,1.20266113555968,162.23821785938608,0.0,False,False,nan,True
125,0.060365297,-0.0034166242,0.0008249238,0.013645157,-0.015893688,0.050263,True,True,0,1,False,29,27,2,-0.9576841403880092,161.28053371899807,-0.9576841403880092,161.28053371899807,0.0,False,False,nan,True
126,0.060418796,-0.00287539,0.001192103,0.024089504,-0.011800289,0.08185543,True,True,0,1,False,29,27,2,-0.6380784459851068,160.64245527301296,-0.6380784459851068,160.64245527301296,0.0,False,False,nan,True
127,0.060484886,-0.002194538,0.0014071187,0.030291297,-0.006675981,0.10247488,True,True,0,1,False,29,27,2,-0.11181774199810945,160.53063753101486,-0.11181774199810945,160.53063753101486,0.0,False,False,nan,True
128,0.060554314,-0.0014785314,0.0014652617,0.03183598,-0.0012763465,0.10798291,True,True,0,1,False,29,27,2,0.3806236649966781,160.91126119601154,0.3806236649966781,160.91126119601154,0.0,False,False,nan,True
129,0.060619354,-0.00081581116,0.0013882427,0.02944976,0.0037514102,0.10054731,True,True,0,1,False,29,27,2,-0.014032613291453444,160.8972285827201,-0.014032613291453444,160.8972285827201,0.0,False,False,nan,True
130,0.060635377,-0.00067705155,0.0005107881,0.0061639994,0.0048305625,0.021578342,True,True,0,1,False,29,27,2,2.2203871790702063,163.1176157617903,2.2203871790702063,163.1176157617903,0.0,False,False,nan,True
131,0.06063757,-0.000679698,0.0002172332,-0.00011664822,0.0048281616,-5.058688e-05,True,True,0,1,False,29,27,2,0.5938734213809642,163.71148918317127,0.5938734213809642,163.71148918317127,0.0,False,False,nan,True
132,0.060638428,-0.00068069936,8.21986e-05,-4.5710567e-05,0.004827349,-1.8959516e-05,True,True,0,1,False,29,27,2,0.015246018765797231,163.72673520193706,0.015246018765797231,163.72673520193706,0.0,False,False,nan,True
133,0.060638238,-0.00068069936,-1.7162978e-05,1.4123104e-07,0.004827766,5.030632e-06,True,True,0,1,False,29,27,2,0.007666345637137084,163.7344015475742,0.007666345637137084,163.7344015475742,0.0,False,False,nan,True
134,0.060637854,-0.00068069936,-3.797906e-05,2.5084685e-07,0.0048284647,1.1097404e-05,True,True,0,1,False,29,27,2,-0.002113337610403221,163.7322882099638,-0.002113337610403221,163.7322882099638,0.0,False,False,nan,True
135,0.060637664,-0.00068069936,-1.9152163e-05,-3.1358223e-08,0.0048288614,5.594931e-06,True,True,0,1,False,29,27,2,0.001862168045867918,163.73415037800967,0.001862168045867918,163.73415037800967,0.0,False,False,nan,True
136,0.060637664,-0.00068069936,-7.86362e-08,-6.2958336e-09,0.0048289504,7.331406e-08,True,True,0,1,False,29,27,2,0.0018984359253835237,163.73604881393504,0.0018984359253835237,163.73604881393504,0.0,False,False,nan,True
137,0.06063776,-0.00068069936,6.226772e-06,1.0954884e-08,0.004828911,-1.8432123e-06,True,True,0,1,False,29,27,2,-0.0006203673827656075,163.73542844655228,-0.0006203673827656075,163.73542844655228,0.0,False,False,nan,True
138,0.06063776,-0.00068069936,4.1134044e-06,7.3068303e-09,0.004828902,-1.2434662e-06,True,True,0,1,False,29,27,2,0.0002122218083968619,163.73564066836067,0.0002122218083968619,163.73564066836067,0.0,False,False,nan,True
139,0.06063776,-0.00068069936,6.750438e-07,6.90131e-10,0.004828941,-1.9971841e-07,True,True,0,1,False,29,27,2,0.0003399251225033595,163.7359805934832,0.0003399251225033595,163.7359805934832,0.0,False,False,nan,True
140,0.06063776,-0.00068069936,-8.9591697e-07,-1.0504252e-09,0.004829,3.2973986e-07,True,True,0,1,False,29,27,2,-2.8001239952502033e-05,163.73595259224325,-2.8001239952502033e-05,163.73595259224325,0.0,False,False,nan,True
141,0.06063776,-0.00068069936,-8.0431073e-07,-1.692781e-09,0.00482904,2.3912864e-07,True,True,0,1,False,29,27,2,5.202384132374505e-06,163.73595779462738,5.202384132374505e-06,163.73595779462738,0.0,False,False,nan,True
142,0.06063776,-0.00068069936,-2.2021769e-07,-8.4244334e-10,0.004829068,5.6850382e-08,True,True,0,1,False,29,27,2,5.556878812740251e-05,163.7360133634155,5.556878812740251e-05,163.7360133634155,0.0,False,False,nan,True
143,0.06063776,-0.00068069936,1.309211e-07,-4.121452e-11,0.0048290896,-8.101449e-08,True,True,0,1,False,29,27,2,6.787777429906328e-06,163.73602015119295,6.787777429906328e-06,163.73602015119295,0.0,False,False,nan,True
144,0.06063776,-0.00068069936,1.6398296e-07,8.90891e-10,0.0048291017,-7.317974e-08,True,True,0,1,False,29,27,2,-4.5171478824102e-06,163.73601563404506,-4.5171478824102e-06,163.73601563404506,0.0,False,False,nan,True
145,0.06063776,-0.00068069936,8.1741725e-08,-4.826639e-11,0.004829115,-7.5007534e-08,True,True,0,1,False,29,27,2,6.9205130035499e-06,163.73602255455808,6.9205130035499e-06,163.73602255455808,0.0,False,False,nan,True
146,0.06063776,-0.00068069936,1.4837329e-08,1.8239202e-09,0.0048291218,-4.8278554e-08,True,True,0,1,False,29,27,2,5.9807804237976825e-06,163.7360285353385,5.9807804237976825e-06,163.7360285353385,0.0,False,False,nan,True
147,0.06063776,-0.00068069936,-2.040037e-08,1.3448336e-09,0.004829141,4.9320118e-08,True,True,0,1,False,29,27,2,-2.458774776670225e-06,163.73602607656372,-2.458774776670225e-06,163.73602607656372,0.0,False,False,nan,True
148,0.06063776,-0.00068069936,-2.9013638e-08,-7.4884265e-10,0.0048291525,7.301735e-08,True,True,0,1,False,29,27,2,-2.02201826482451e-06,163.73602405454545,-2.02201826482451e-06,163.73602405454545,0.0,False,False,nan,True
149,0.06063776,-0.00068069936,-1.429359e-08,-1.766558e-09,0.004829155,3.240183e-08,True,True,0,1,False,29,27,2,1.2292650932721472e-06,163.73602528381053,1.2292650932721472e-06,163.73602528381053,0.0,False,False,nan,True
150,0.06063776,-0.00068069936,1.2256564e-08,-3.1683594e-09,0.0048291623,-4.107003e-08,True,True,0,1,False,29,27,2,-5.707695915901922e-07,163.73602471304093,-5.707695915901922e-07,163.73602471304093,0.0,False,False,nan,True
151,0.06063776,-0.00068069936,3.634084e-08,-1.5652047e-09,0.004829165,-9.3359304e-08,True,True,0,1,False,29,27,2,-2.6509040687017205e-06,163.73602206213687,-2.6509040687017205e-06,163.73602206213687,0.0,False,False,nan,True
152,0.06063776,-0.00068069936,4.1946414e-08,1.1194411e-10,0.004829162,-9.596348e-08,True,True,0,1,False,29,27,2,-2.3124031400811873e-07,163.73602183089656,-2.3124031400811873e-07,163.73602183089656,0.0,False,False,nan,True
153,0.06063776,-0.00068069936,3.8070276e-08,3.281775e-10,0.004829164,-9.833358e-08,True,True,0,1,False,29,27,2,1.546566998911203e-07,163.73602198555326,1.546566998911203e-07,163.73602198555326,0.0,False,False,nan,True
154,0.06063776,-0.00068069936,3.322723e-08,9.657571e-10,0.004829161,-8.467749e-08,True,True,0,1,False,29,27,2,8.090053693621257e-07,163.73602279455864,8.090053693621257e-07,163.73602279455864,0.0,False,False,nan,True
155,0.06063776,-0.00068069936,0.0,0.0,0.0048291576,0.0,True,True,0,1,False,29,27,2,100,263.7360227945586,100,263.7360227945586,0.0,True,False,nan,True
