step,x,y,vx,vy,angle,angular_velocity,left_leg_contact,right_leg_contact,navigation_action,current_fps,fresh_observation,n_fresh_observations,n_fresh_observations_before_touchdown,n_fresh_observations_after_touchdown,instant_nav_reward,cumulative_nav_reward,instant_adaptive_reward,cumulative_adaptive_reward,instant_frame_penalty,terminated,truncated,vy_at_touchdown,success
1,0.0143234255,1.4053781,0.71964705,-0.13576365,-0.014886378,-0.13117024,False,False,1,25,True,2,2,0,0.07362544653568762,0.07362544653568762,0.07362544653568762,0.07362544653568762,0.0,False,False,nan,False
2,0.02136364,1.4017258,0.70835924,-0.16237651,-0.019172564,-0.08573178,False,False,1,25,False,2,2,0,0.4585935435584372,0.5322189900941248,0.4585935435584372,0.5322189900941248,0.0,False,False,nan,False
3,0.028306102,1.3974768,0.69608796,-0.18886305,-0.02099465,-0.03644489,False,False,1,25,True,3,3,0,0.748042755279472,1.2802617453735967,0.748042755279472,1.2802617453735967,0.0,False,False,nan,False
4,0.035153963,1.3926353,0.68421966,-0.2151683,-0.020434007,0.01121402,False,False,1,25,False,3,3,0,0.8944883945504227,2.1747501399240194,0.8944883945504227,2.1747501399240194,0.0,False,False,nan,False
5,0.041936588,1.3871877,0.67603165,-0.24208857,-0.018235082,0.04398269,False,False,1,25,True,4,4,0,0.6340113613091216,2.808761501233141,0.6340113613091216,2.808761501233141,0.0,False,False,nan,False
6,0.04863882,1.381134,0.6659623,-0.26900667,-0.014021017,0.084288724,False,False,1,25,False,4,4,0,0.957492798231159,3.7662542994642996,0.957492798231159,3.7662542994642996,0.0,False,False,nan,False
7,0.055257797,1.3744713,0.6555286,-0.29607698,-0.0077210693,0.12601076,False,False,1,25,True,5,5,0,1.1358850060393888,4.902139305503688,1.1358850060393888,4.902139305503688,0.0,False,False,nan,False
8,0.061783504,1.3672072,0.6438397,-0.3228313,0.0009168557,0.17277431,False,False,1,25,False,5,5,0,1.2531456567855639,6.155284962289252,1.2531456567855639,6.155284962289252,0.0,False,False,nan,False
9,0.068227574,1.3593385,0.6336009,-0.34975544,0.011600076,0.21368423,False,False,1,25,True,6,6,0,-0.6913405563565493,5.463944405932702,-0.6913405563565493,5.463944405932702,0.0,False,False,nan,False
10,0.074606225,1.3508809,0.6254117,-0.37603682,0.023914427,0.24630947,False,False,1,25,False,6,6,0,-1.0534204307916741,4.410523975141028,-1.0534204307916741,4.410523975141028,0.0,False,False,nan,False
11,0.080888174,1.3418283,0.61328685,-0.40264073,0.038648438,0.29470733,False,False,1,25,True,7,7,0,-1.02515625813072,3.3853677170103076,-1.02515625813072,3.3853677170103076,0.0,False,False,nan,False
12,0.08709612,1.3321747,0.6040388,-0.4295732,0.055226404,0.33158997,False,False,1,25,False,7,7,0,-1.5196400935062104,1.8657276235040972,-1.5196400935062104,1.8657276235040972,0.0,False,False,nan,False
13,0.09322586,1.3219116,0.59426016,-0.45692775,0.073762834,0.37076262,False,False,1,25,True,8,8,0,-1.7418649800486026,0.12386264345549458,-1.7418649800486026,0.12386264345549458,0.0,False,False,nan,False
14,0.09929075,1.3110459,0.5861863,-0.48404738,0.09391058,0.40299183,False,False,1,25,False,8,8,0,-2.0642643289530995,-1.940401685497605,-2.0642643289530995,-1.940401685497605,0.0,False,False,nan,False
15,0.105288886,1.299576,0.5778644,-0.5112984,0.1157237,0.43630204,False,False,1,25,True,9,9,0,-2.253038360776911,-4.193440046274516,-2.253038360776911,-4.193440046274516,0.0,False,False,nan,False
16,0.11137791,1.2875339,0.5893768,-0.5368408,0.13517836,0.3891289,False,False,3,25,False,9,9,0,-3.3893365754639135,-7.582776621738429,-3.3893365754639135,-7.582776621738429,0.0,False,False,nan,False
17,0.11753283,1.274914,0.5977222,-0.5625842,0.15291539,0.35477287,False,False,3,25,True,10,10,0,-2.9629480533537262,-10.545724675092154,-2.9629480533537262,-10.545724675092154,0.0,False,False,nan,False
18,0.123682305,1.263249,0.59653723,-0.5204437,0.17136823,0.3690905,False,False,2,25,False,10,10,0,1.875922073719704,-8.669802601372451,1.875922073719704,-8.669802601372451,0.0,False,False,nan,False
19,0.12951688,1.2523371,0.56581634,-0.4871038,0.189089,0.35444745,False,False,2,25,True,11,11,0,3.4602871699112656,-5.209515431461186,3.4602871699112656,-5.209515431461186,0.0,False,False,nan,False
20,0.13544817,1.2408476,0.5780094,-0.51264733,0.20431803,0.30460787,False,False,3,25,False,11,11,0,-3.072060816492892,-8.281576247954078,-3.072060816492892,-8.281576247954078,0.0,False,False,nan,False
21,0.14143848,1.2287849,0.58553255,-0.5380468,0.21796331,0.27293038,False,False,3,25,True,12,12,0,-2.523055593352835,-10.804631841306913,-2.523055593352835,-10.804631841306913,0.0,False,False,nan,False
22,0.14733648,1.2175057,0.5758302,-0.5034198,0.23211755,0.28311017,False,False,2,25,False,12,12,0,2.369468346034023,-8.435163495272889,2.369468346034023,-8.435163495272889,0.0,False,False,nan,False
23,0.15302725,1.2062279,0.5556663,-0.5034039,0.24576396,0.27295303,False,False,2,25,True,13,13,0,0.8919643319666875,-7.543199163306201,0.8919643319666875,-7.543199163306201,0.0,False,False,nan,False
24,0.15869255,1.1954842,0.5524289,-0.47991407,0.26014927,0.28773183,False,False,2,25,False,13,13,0,1.0551438977195289,-6.488055265586672,1.0551438977195289,-6.488055265586672,0.0,False,False,nan,False
25,0.16416273,1.1848407,0.53364575,-0.47547194,0.2738462,0.2739534,False,False,2,25,True,14,14,0,1.0151371837644205,-5.472918081822251,1.0151371837644205,-5.472918081822251,0.0,False,False,nan,False
26,0.16970149,1.1736239,0.5417763,-0.50083673,0.28627813,0.2486378,False,False,3,25,False,14,14,0,-2.5470409720430767,-8.019959053865328,-2.5470409720430767,-8.019959053865328,0.0,False,False,nan,False
27,0.17532988,1.1618598,0.5531906,-0.5247887,0.29622692,0.1989755,False,False,3,25,True,15,15,0,-2.413762427126072,-10.4337214809914,-2.413762427126072,-10.4337214809914,0.0,False,False,nan,False
28,0.18060322,1.1508498,0.51804125,-0.4912474,0.3058236,0.19193369,False,False,2,25,False,15,15,0,4.60676623930554,-5.82695524168586,4.60676623930554,-5.82695524168586,0.0,False,False,nan,False
29,0.18579331,1.1401225,0.5093168,-0.478841,0.3158723,0.20097451,False,False,2,25,True,16,16,0,1.158521960287669,-4.66843328139819,1.158521960287669,-4.66843328139819,0.0,False,False,nan,False
30,0.19106475,1.1288317,0.5195933,-0.50348353,0.32372716,0.15709682,False,False,3,25,False,16,16,0,-2.2329383349400005,-6.90137161633819,-2.2329383349400005,-6.90137161633819,0.0,False,False,nan,False
31,0.19639587,1.1169678,0.5271264,-0.5286344,0.32996958,0.12484765,False,False,3,25,True,17,17,0,-1.877976953823661,-8.77934857016185,-1.877976953823661,-8.77934857016185,0.0,False,False,nan,False
32,0.20163336,1.1053785,0.5173163,-0.5165688,0.33667457,0.13409978,False,False,2,25,False,17,17,0,1.6248393599827977,-7.154509210179053,1.6248393599827977,-7.154509210179053,0.0,False,False,nan,False
33,0.20663814,1.0945729,0.49370843,-0.48184913,0.34377384,0.14198545,False,False,2,50,True,18,18,0,4.0804742588602325,-3.0740349513188203,4.0804742588602325,-3.0740349513188203,0.0,False,False,nan,False
34,0.21130666,1.0840725,0.46058267,-0.46819723,0.35034904,0.13150391,False,False,2,50,True,19,19,0,3.2963236207554987,0.22228866943667835,3.2963236207554987,0.22228866943667835,0.0,False,False,nan,False
35,0.21559191,1.0742426,0.42257658,-0.43834677,0.35660398,0.12509885,False,False,2,50,True,20,20,0,4.745841423066122,4.9681300925028005,4.745841423066122,4.9681300925028005,0.0,False,False,nan,False
36,0.21996975,1.0638597,0.43426132,-0.46233812,0.36031336,0.074187584,False,False,3,50,True,21,21,0,-2.0144790651364404,2.95365102736636,-2.0144790651364404,2.95365102736636,0.0,False,False,nan,False
37,0.22422381,1.0537791,0.4214717,-0.4490148,0.36446774,0.083087936,False,False,2,50,True,22,22,0,2.030544824329991,4.9841958516963505,2.030544824329991,4.9841958516963505,0.0,False,False,nan,False
38,0.22855473,1.043137,0.4311564,-0.47348225,0.36651403,0.04092605,False,False,3,50,True,23,23,0,-1.739894976708739,3.244300874987611,-1.739894976708739,3.244300874987611,0.0,False,False,nan,False
39,0.23261385,1.0326599,0.4042787,-0.46607012,0.3682317,0.0343543,False,False,2,50,True,24,24,0,2.8026916483296818,6.046992523317293,2.8026916483296818,6.046992523317293,0.0,False,False,nan,False
40,0.2362833,1.0228359,0.36559802,-0.43696496,0.3696596,0.028557915,False,False,2,50,True,25,25,0,5.157555739315495,11.204548262632787,5.157555739315495,11.204548262632787,0.0,False,False,nan,False
41,0.2400198,1.0124452,0.3740447,-0.46170905,0.36924797,-0.008232549,False,False,3,50,True,26,26,0,-1.5094780402657466,9.695070222367042,-1.5094780402657466,9.695070222367042,0.0,False,False,nan,False
42,0.24364796,1.0021372,0.36292583,-0.45810232,0.36912814,-0.0023968264,False,False,2,50,True,27,27,0,1.6062877978982157,11.301358020265257,1.6062877978982157,11.301358020265257,0.0,False,False,nan,False
43,0.24702187,0.99210536,0.3376176,-0.44580537,0.36888614,-0.0048401332,False,False,2,50,True,28,28,0,3.13986611289904,14.441224133164297,3.13986611289904,14.441224133164297,0.0,False,False,nan,False
44,0.25031662,0.9825202,0.3289223,-0.42614853,0.36946562,0.011589235,False,False,2,50,True,29,29,0,2.580785476044622,17.02200960920892,2.580785476044622,17.02200960920892,0.0,False,False,nan,False
45,0.25367814,0.972373,0.3373755,-0.4506702,0.36817387,-0.025835048,False,False,3,50,True,30,30,0,-1.465953162503921,15.556056446704998,-1.465953162503921,15.556056446704998,0.0,False,False,nan,False
46,0.2567338,0.9620805,0.3075606,-0.4569399,0.3660672,-0.042134218,False,False,2,50,True,31,31,0,2.043436907777914,17.599493354482913,2.043436907777914,17.599493354482913,0.0,False,False,nan,False
47,0.25962955,0.9517984,0.29158956,-0.45647037,0.36394382,-0.04246857,False,False,2,50,True,32,32,0,1.744795014805004,19.344288369287916,1.744795014805004,19.344288369287916,0.0,False,False,nan,False
48,0.26213446,0.94187826,0.25310493,-0.44023815,0.36118704,-0.055135675,False,False,2,50,True,33,33,0,4.249896532883622,23.594184902171538,4.249896532883622,23.594184902171538,0.0,False,False,nan,False
49,0.26458043,0.9323004,0.2464809,-0.42520207,0.35920158,-0.03970988,False,False,2,50,True,34,34,0,2.387801948535736,25.981986850707273,2.387801948535736,25.981986850707273,0.0,False,False,nan,False
50,0.26685715,0.92333996,0.22899878,-0.39791188,0.35780188,-0.027994478,False,False,2,50,True,35,35,0,3.876236492918008,29.85822334362528,3.876236492918008,29.85822334362528,0.0,False,False,nan,False
51,0.26919279,0.91381276,0.23646808,-0.42271572,0.35475463,-0.060945105,False,False,3,50,True,36,36,0,-1.4020706096992501,28.45615273392603,-1.4020706096992501,28.45615273392603,0.0,False,False,nan,False
52,0.2711692,0.90447825,0.20120272,-0.4139915,0.35099784,-0.07513571,False,False,2,50,True,37,37,0,3.320765038284816,31.776917772210844,3.320765038284816,31.776917772210844,0.0,False,False,nan,False
53,0.27323407,0.89459467,0.2124228,-0.43784097,0.3447651,-0.12465463,False,False,3,50,True,38,38,0,-1.1560342314346304,30.620883540776212,-1.1560342314346304,30.620883540776212,0.0,False,False,nan,False
54,0.27520856,0.88406783,0.20105696,-0.4670037,0.34099305,-0.07544087,False,False,1,50,True,39,39,0,-0.8845382785945606,29.73634526218165,-0.8845382785945606,29.73634526218165,0.0,False,False,nan,False
55,0.27709657,0.87385225,0.19185604,-0.45329875,0.33778238,-0.06421241,False,False,2,50,True,40,40,0,2.560754443932365,32.29709970611402,2.560754443932365,32.29709970611402,0.0,False,False,nan,False
56,0.27881193,0.8640807,0.17430888,-0.43364814,0.33488527,-0.05794224,False,False,2,50,True,41,41,0,3.354003464073469,35.65110317018749,3.354003464073469,35.65110317018749,0.0,False,False,nan,False
57,0.28036374,0.85492676,0.1574606,-0.40631452,0.33250725,-0.0475599,False,False,2,50,True,42,42,0,3.9214175038815258,39.57252067406902,3.9214175038815258,39.57252067406902,0.0,False,False,nan,False
58,0.28199023,0.8452144,0.16690822,-0.43068606,0.32805777,-0.088989004,False,False,3,50,True,43,43,0,-1.3278987628103198,38.2446219112587,-1.3278987628103198,38.2446219112587,0.0,False,False,nan,False
59,0.2832221,0.8359954,0.12807006,-0.4086384,0.322967,-0.10181613,False,False,2,50,True,44,44,0,4.409625281612063,42.65424719287076,4.409625281612063,42.65424719287076,0.0,False,False,nan,False
60,0.28438663,0.8261354,0.11953105,-0.43754157,0.3197661,-0.06401755,False,False,1,50,True,45,45,0,-1.3482245740837857,41.306022618786976,-1.3482245740837857,41.306022618786976,0.0,False,False,nan,False
61,0.28553027,0.81639165,0.11685922,-0.43250424,0.317167,-0.051981904,False,False,2,50,True,46,46,0,1.3991212597829417,42.70514387856992,1.3991212597829417,42.70514387856992,0.0,False,False,nan,False
62,0.28644925,0.806984,0.094483964,-0.41755253,0.314481,-0.053720392,False,False,2,50,True,47,47,0,2.815794135294124,45.52093801386405,2.815794135294124,45.52093801386405,0.0,False,False,nan,False
63,0.28745165,0.7970066,0.10496209,-0.44242635,0.30959028,-0.09781418,False,False,3,50,True,48,48,0,-1.2950441594659867,44.22589385439806,-1.2950441594659867,44.22589385439806,0.0,False,False,nan,False
64,0.28831404,0.78693885,0.09109936,-0.44642487,0.30456156,-0.10057427,False,False,2,50,True,49,49,0,1.027764528779113,45.253658383177175,1.027764528779113,45.253658383177175,0.0,False,False,nan,False
65,0.28893653,0.7775392,0.06699999,-0.41677728,0.29964614,-0.09830855,False,False,2,50,True,50,50,0,4.40152089637017,49.65517927954735,4.40152089637017,49.65517927954735,0.0,False,False,nan,False
66,0.2893017,0.76805633,0.041923013,-0.42036214,0.29406437,-0.11163491,False,False,2,50,True,51,51,0,1.1016259324690736,50.756805212016424,1.1016259324690736,50.756805212016424,0.0,False,False,nan,False
67,0.2893718,0.75900036,0.012803167,-0.40133253,0.28809443,-0.11939876,False,False,2,50,True,52,52,0,3.2324221384938143,53.98922735051024,3.2324221384938143,53.98922735051024,0.0,False,False,nan,False
68,0.28950176,0.749369,0.020358821,-0.4266239,0.28052613,-0.15136585,False,False,3,50,True,53,53,0,-0.9359091336578149,53.053318216852425,-0.9359091336578149,53.053318216852425,0.0,False,False,nan,False
69,0.28956777,0.7391097,0.012292538,-0.4548926,0.27467757,-0.11697117,False,False,1,5,True,54,54,0,-1.2863366384893868,51.76698157836304,-1.2863366384893868,51.76698157836304,0.0,False,False,nan,False
70,0.2896084,0.7291331,0.0091559235,-0.44245216,0.26945403,-0.10447111,False,False,2,5,False,54,54,0,2.4000942386489728,54.16707581701201,2.4000942386489728,54.16707581701201,0.0,False,False,nan,False
71,0.28953332,0.71958405,-0.0027146046,-0.4235326,0.26455823,-0.09791703,False,False,2,5,False,54,54,0,2.979607128630403,57.14668294564242,2.979607128630403,57.14668294564242,0.0,False,False,nan,False
72,0.28937608,0.71088696,-0.01172151,-0.3858161,0.26046515,-0.081861734,False,False,2,5,False,54,54,0,4.676116875472826,61.82279982111525,4.676116875472826,61.82279982111525,0.0,False,False,nan,False
73,0.28892583,0.7024634,-0.04041047,-0.37356916,0.25575665,-0.09417023,False,False,2,5,False,54,54,0,1.9920791204159058,63.814878941531155,1.9920791204159058,63.814878941531155,0.0,False,False,nan,False
74,0.28811017,0.6944754,-0.07614066,-0.3540845,0.25022098,-0.11071334,False,False,2,5,False,54,54,0,2.380001718071594,66.19488065960275,2.380001718071594,66.19488065960275,0.0,False,False,nan,False
75,0.28707296,0.6865949,-0.097840175,-0.34925416,0.24423304,-0.11975847,False,False,2,5,False,54,54,0,1.0140160376938183,67.20889669729657,1.0140160376938183,67.20889669729657,0.0,False,False,nan,False
76,0.28585035,0.6789333,-0.116160475,-0.33951586,0.23802333,-0.12419442,False,False,2,5,False,54,54,0,1.4610052380204308,68.669901935317,1.4610052380204308,68.669901935317,0.0,False,False,nan,False
77,0.2845642,0.67190826,-0.12310046,-0.31134072,0.23242693,-0.111927785,False,False,2,5,False,54,54,0,3.361227117292896,72.0311290526099,3.361227117292896,72.0311290526099,0.0,False,False,nan,False
78,0.2832834,0.6651346,-0.1231745,-0.3002889,0.22745886,-0.099361375,False,False,2,5,False,54,54,0,1.8927442050509853,73.92387325766089,1.8927442050509853,73.92387325766089,0.0,False,False,nan,False
79,0.28176147,0.6588381,-0.1469489,-0.2790433,0.2221534,-0.10610969,False,False,2,5,True,55,55,0,1.7892166613321308,75.71308991899302,1.7892166613321308,75.71308991899302,0.0,False,False,nan,False
80,0.28032312,0.6519599,-0.1364826,-0.30461013,0.21471204,-0.1488267,False,False,3,5,False,55,55,0,-0.43874594935488065,75.27434396963814,-0.43874594935488065,75.27434396963814,0.0,False,False,nan,False
81,0.27897817,0.6445248,-0.124646984,-0.32904884,0.20477535,-0.19873407,False,False,3,5,False,55,55,0,-0.10815301243002182,75.16619095720812,-0.10815301243002182,75.16619095720812,0.0,False,False,nan,False
82,0.27769652,0.6365213,-0.11661627,-0.3541547,0.19314389,-0.23262933,False,False,3,5,False,55,55,0,-0.18112625677940627,74.98506470042871,-0.18112625677940627,74.98506470042871,0.0,False,False,nan,False
83,0.2764988,0.62794477,-0.10602292,-0.37943974,0.1793302,-0.27627355,False,False,3,5,False,55,55,0,0.07362475394843784,75.05868945437715,0.07362475394843784,75.05868945437715,0.0,False,False,nan,False
84,0.2753788,0.61879605,-0.09618953,-0.40478045,0.16348948,-0.31681472,False,False,3,5,False,55,55,0,0.22811481733067865,75.28680427170782,0.22811481733067865,75.28680427170782,0.0,False,False,nan,False
85,0.27434093,0.6090662,-0.08583492,-0.43056616,0.14554873,-0.35881457,False,False,3,5,False,55,55,0,0.39592507706140734,75.68272934876923,0.39592507706140734,75.68272934876923,0.0,False,False,nan,False
86,0.2733717,0.59874505,-0.07719229,-0.45690328,0.12587781,-0.39341873,False,False,3,5,False,55,55,0,0.48314403710190956,76.16587338587114,0.48314403710190956,76.16587338587114,0.0,False,False,nan,False
87,0.27248296,0.58784586,-0.06698709,-0.48270476,0.104138635,-0.43478376,False,False,3,5,False,55,55,0,0.7759674687775668,76.9418408546487,0.7759674687775668,76.9418408546487,0.0,False,False,nan,False
88,0.27168113,0.57635796,-0.056049567,-0.5090646,0.08020955,-0.4785819,False,False,3,5,False,55,55,0,0.9565446076295256,77.89838546227823,0.9565446076295256,77.89838546227823,0.0,False,False,nan,False
89,0.27094764,0.5642823,-0.04741409,-0.5355081,0.054550804,-0.5131753,False,False,3,5,True,56,56,0,1.1116321473080586,79.01001760958628,1.1116321473080586,79.01001760958628,0.0,False,False,nan,False
90,0.2701536,0.5516147,-0.054973222,-0.56229675,0.030407226,-0.4828717,False,False,1,5,False,56,56,0,0.8213619727341961,79.83137958232048,0.8213619727341961,79.83137958232048,0.0,False,False,nan,False
91,0.26926842,0.53836155,-0.0663693,-0.5887184,0.008542946,-0.43728548,False,False,1,5,False,56,56,0,0.6364823403087041,80.46786192262918,0.6364823403087041,80.46786192262918,0.0,False,False,nan,False
92,0.26831025,0.5245097,-0.07552776,-0.61564505,-0.0114856465,-0.40057197,False,False,1,5,False,56,56,0,-1.8262555643369456,78.64160635829224,-1.8262555643369456,78.64160635829224,0.0,False,False,nan,False
93,0.26728067,0.5100623,-0.08448521,-0.6423518,-0.029720046,-0.36468777,False,False,1,5,False,56,56,0,-3.2854395904824387,75.3561667678098,-3.2854395904824387,75.3561667678098,0.0,False,False,nan,False
94,0.26616192,0.49502838,-0.09569898,-0.66856873,-0.045704115,-0.31968182,False,False,1,5,False,56,56,0,-2.997959816461331,72.35820695134846,-2.997959816461331,72.35820695134846,0.0,False,False,nan,False
95,0.2649764,0.47940016,-0.10407086,-0.69509274,-0.060010538,-0.28612864,False,False,1,5,False,56,56,0,-2.7774382072598187,69.58076874408864,-2.7774382072598187,69.58076874408864,0.0,False,False,nan,False
96,0.263704,0.4631763,-0.11498885,-0.72159445,-0.07213044,-0.24239814,False,False,1,5,False,56,56,0,-2.55062589475463,67.03014284933401,-2.55062589475463,67.03014284933401,0.0,False,False,nan,False
97,0.26234016,0.4463657,-0.12648779,-0.7476433,-0.08193653,-0.19612156,False,False,1,5,False,56,56,0,-2.244018633268722,64.78612421606529,-2.244018633268722,64.78612421606529,0.0,False,False,nan,False
98,0.26091585,0.42895877,-0.13405506,-0.774127,-0.09022654,-0.16579995,False,False,1,5,False,56,56,0,-2.0299578061017756,62.75616640996351,-2.0299578061017756,62.75616640996351,0.0,False,False,nan,False
99,0.25941554,0.41096407,-0.14362158,-0.8001637,-0.096586995,-0.12720916,False,False,1,5,True,57,57,0,-1.787621940362327,60.968544469601184,-1.787621940362327,60.968544469601184,0.0,False,False,nan,False
100,0.2580599,0.39316493,-0.12958892,-0.7914706,-0.10251834,-0.11862693,False,False,2,5,False,57,57,0,1.7710899869825425,62.73963445658373,1.7710899869825425,62.73963445658373,0.0,False,False,nan,False
101,0.25693035,0.3754642,-0.107799366,-0.7870599,-0.10763015,-0.10223611,False,False,2,5,False,57,57,0,1.4822735885385725,64.2219080451223,1.4822735885385725,64.2219080451223,0.0,False,False,nan,False
102,0.25578633,0.358307,-0.10880262,-0.76295656,-0.1131871,-0.11113925,False,False,2,5,False,57,57,0,2.989408839684086,67.2113168848064,2.989408839684086,67.2113168848064,0.0,False,False,nan,False
103,0.25473776,0.341663,-0.09931136,-0.74016386,-0.11869325,-0.110122934,False,False,2,5,False,57,57,0,2.943708373212343,70.15502525801874,2.943708373212343,70.15502525801874,0.0,False,False,nan,False
104,0.25358504,0.3252439,-0.10894962,-0.7302579,-0.124978535,-0.12570553,False,False,2,5,False,57,57,0,1.2927269900284954,71.44775224804724,1.2927269900284954,71.44775224804724,0.0,False,False,nan,False
105,0.2526037,0.30883607,-0.09237418,-0.7297279,-0.13071306,-0.11469058,False,False,2,5,False,57,57,0,0.7488837340136854,72.19663598206093,0.7488837340136854,72.19663598206093,0.0,False,False,nan,False
106,0.25190085,0.29303107,-0.065325394,-0.7028856,-0.13565472,-0.098833255,False,False,2,5,False,57,57,0,3.4258079182623478,75.62244390032328,3.4258079182623478,75.62244390032328,0.0,False,False,nan,False
107,0.25149545,0.27806056,-0.036342267,-0.66574365,-0.13983183,-0.08354239,False,False,2,5,False,57,57,0,4.35003597077947,79.97247987110275,4.35003597077947,79.97247987110275,0.0,False,False,nan,False
108,0.25111198,0.2639776,-0.033616018,-0.6263601,-0.14454783,-0.09432007,False,False,2,5,False,57,57,0,4.234386023870866,84.20686589497362,4.234386023870866,84.20686589497362,0.0,False,False,nan,False
109,0.25096673,0.2502247,-0.010479498,-0.61163706,-0.1485875,-0.08079352,False,False,2,5,True,58,58,0,1.8435723294495119,86.05043822442313,1.8435723294495119,86.05043822442313,0.0,False,False,nan,False
110,0.251093,0.23691875,0.015908562,-0.5917092,-0.15186365,-0.065522954,False,False,2,5,False,58,58,0,2.2701972519464677,88.3206354763696,2.2701972519464677,88.3206354763696,0.0,False,False,nan,False
111,0.25118724,0.22426587,0.013434922,-0.56276476,-0.15587042,-0.08013513,False,False,2,5,False,58,58,0,3.047848342567005,91.36848381893661,3.047848342567005,91.36848381893661,0.0,False,False,nan,False
112,0.25155276,0.21232517,0.039949402,-0.53105825,-0.15926647,-0.06792098,False,False,2,5,False,58,58,0,3.1522894846871568,94.52077330362377,3.1522894846871568,94.52077330362377,0.0,False,False,nan,False
113,0.25200137,0.20071279,0.04833085,-0.51648235,-0.16273713,-0.06941316,False,False,2,5,False,58,58,0,1.4366301434057618,95.95740344702953,1.4366301434057618,95.95740344702953,0.0,False,False,nan,False
114,0.25242883,0.18905705,0.04658971,-0.5184581,-0.16658212,-0.07689981,False,False,2,5,False,58,58,0,-0.1865773111476045,95.77082613588193,-0.1865773111476045,95.77082613588193,0.0,False,False,nan,False
115,0.25308314,0.17734995,0.06852448,-0.52066493,-0.16967335,-0.06182494,False,False,2,5,False,58,58,0,-0.4358787615660617,95.33494737431587,-0.4358787615660617,95.33494737431587,0.0,False,False,nan,False
116,0.25403014,0.16651784,0.0972193,-0.48172078,-0.1721993,-0.05051869,False,False,2,5,False,58,58,0,3.349061355267165,98.68400872958304,3.349061355267165,98.68400872958304,0.0,False,False,nan,False
117,0.25524482,0.1559558,0.12323215,-0.46962625,-0.17396583,-0.03533054,False,False,2,5,False,58,58,0,0.5764670784385799,99.26047580802162,0.5764670784385799,99.26047580802162,0.0,False,False,nan,False
118,0.25646678,0.14634098,0.12474649,-0.42762643,-0.17652468,-0.051176995,False,False,2,5,False,58,58,0,3.8354115923526395,103.09588740037427,3.8354115923526395,103.09588740037427,0.0,False,False,nan,False
119,0.25764322,0.13698465,0.12085853,-0.41622493,-0.17975543,-0.064615145,False,False,2,25,True,59,59,0,0.9288173240090145,104.02470472438328,0.9288173240090145,104.02470472438328,0.0,False,False,nan,False
120,0.2587344,0.12704566,0.110181354,-0.44186023,-0.18081287,-0.021148216,False,False,1,25,False,59,59,0,-1.9778448896234966,102.04685983475979,-1.9778448896234966,102.04685983475979,0.0,False,False,nan,False
121,0.25976506,0.11653233,0.10251857,-0.46719137,-0.18026987,0.010859945,False,False,1,25,True,60,60,0,-1.9137049949927973,100.13315483976699,-1.9137049949927973,100.13315483976699,0.0,False,False,nan,False
122,0.26071435,0.10544523,0.092276156,-0.49244186,-0.17761298,0.053137816,False,False,1,25,False,60,60,0,-1.6873045956551482,98.44585024411184,-1.6873045956551482,98.44585024411184,0.0,False,False,nan,False
123,0.26158714,0.093768105,0.082699895,-0.5184421,-0.1730242,0.09177572,False,False,1,25,True,61,61,0,-1.6349809009420244,96.81086934316981,-1.6349809009420244,96.81086934316981,0.0,False,False,nan,False
124,0.26261464,0.08279501,0.09816085,-0.48716608,-0.1684227,0.09203016,False,False,2,25,False,61,61,0,3.2169518236332495,100.02782116680307,3.2169518236332495,100.02782116680307,0.0,False,False,nan,False
125,0.2639454,0.072466,0.12773815,-0.4584679,-0.1630826,0.10680185,False,False,2,25,True,62,62,0,2.501122810473814,102.52894397727688,2.501122810473814,102.52894397727688,0.0,False,False,nan,False
126,0.26531744,0.06261385,0.13221717,-0.4373358,-0.15809278,0.09979607,False,False,2,25,False,62,62,0,2.2142032784219454,104.74314725569883,2.2142032784219454,104.74314725569883,0.0,False,False,nan,False
127,0.26669723,0.053489123,0.1335896,-0.40508395,-0.15371212,0.08761331,False,False,2,25,True,63,63,0,3.231981904292593,107.97512915999143,3.231981904292593,107.97512915999143,0.0,False,False,nan,False
128,0.26800138,0.043771014,0.124127686,-0.43127903,-0.14743184,0.12560603,False,False,1,25,False,63,63,0,-1.5806879472627589,106.39444121272867,-1.5806879472627589,106.39444121272867,0.0,False,False,nan,False
129,0.26922283,0.033465967,0.11374829,-0.45719272,-0.13905376,0.16756108,False,False,1,25,True,64,64,0,-1.4008464189570435,104.99359479377162,-1.4008464189570435,104.99359479377162,0.0,False,False,nan,False
130,0.2704746,0.023347674,0.116964675,-0.44895813,-0.13087326,0.16361038,False,False,2,25,False,64,64,0,1.2181179131947857,106.21171270696641,1.2181179131947857,106.21171270696641,0.0,False,False,nan,False
131,0.27185908,0.013902721,0.13012734,-0.41907066,-0.122596994,0.16552553,True,False,2,25,True,65,65,0,-100,6.211712706966409,-100.0,6.211712706966409,0.0,False,False,0.41907066,False
132,0.2732788,0.0053258035,0.11718384,-0.38012463,-0.096205644,0.53020215,True,False,2,25,False,65,65,0,6.330667378990808,12.542380085957216,6.330667378990808,12.542380085957216,0.0,False,False,nan,False
133,0.27477676,-0.0017320537,0.104354635,-0.3113789,-0.051231537,0.8994597,True,False,2,25,True,66,65,1,10.989969477684877,23.532349563642093,10.989969477684877,23.532349563642093,0.0,False,False,nan,False
134,0.27628747,-0.0073944475,0.09105691,-0.2507119,0.008130655,1.1873801,True,True,2,25,False,66,65,1,20.01614407689483,43.54849364053692,20.01614407689483,43.54849364053692,0.0,False,False,nan,False
135,0.27774256,-0.011322167,0.09450284,-0.1759411,0.05623588,0.95920503,True,True,2,25,True,67,65,2,1.4328444263689135,44.981338066905835,1.4328444263689135,44.981338066905835,0.0,False,False,nan,False
136,0.2790143,-0.013724854,0.09438047,-0.10836575,0.088654436,0.64832795,True,True,2,25,False,67,65,2,1.9214082766598437,46.90274634356568,1.9214082766598437,46.90274634356568,0.0,False,False,nan,False
137,0.279984,-0.014649143,0.08158877,-0.042068996,0.10388605,0.30460802,True,True,2,1,True,68,65,3,3.266085283255518,50.1688316268212,3.266085283255518,50.1688316268212,0.0,False,False,nan,False
138,0.28061086,-0.014485815,0.062502995,0.0072408137,0.10406963,0.0036652703,True,True,2,1,False,68,65,3,2.507400672960178,52.67623229978138,2.507400672960178,52.67623229978138,0.0,False,False,nan,False
139,0.2810583,-0.012832466,0.050406862,0.073866114,0.09844671,-0.112462655,True,True,2,1,False,68,65,3,-2.4248939459523156,50.25133835382907,-2.4248939459523156,50.25133835382907,0.0,False,False,nan,False
140,0.28127393,-0.010308614,0.026712265,0.11250691,0.093338594,-0.10216339,True,True,2,1,False,68,65,3,-2.421185726567674,47.8301526272614,-2.421185726567674,47.8301526272614,0.0,False,False,nan,False
141,0.28154317,-0.007406678,0.030388126,0.12919135,0.08989441,-0.06890843,True,True,2,1,False,68,65,3,-1.6816208627020217,46.14853176455938,-1.6816208627020217,46.14853176455938,0.0,False,False,nan,False
142,0.28188467,-0.00379807,0.037327506,0.16057073,0.08673511,-0.0631914,True,False,2,1,False,68,65,3,-13.224559305835559,32.923972458723824,-13.224559305835559,32.923972458723824,0.0,False,False,nan,False
143,0.28207445,0.00014205933,0.022602675,0.17532328,0.08312943,-0.072119944,False,False,2,1,False,68,65,3,-11.148042889220083,21.77592956950374,-11.148042889220083,21.77592956950374,0.0,False,False,nan,False
144,0.28236562,0.004845688,0.031887025,0.2091999,0.08038417,-0.0549101,False,False,2,1,False,68,65,3,-3.5429317803694245,18.232997789134316,-3.5429317803694245,18.232997789134316,0.0,False,False,nan,False
145,0.28254023,0.010288677,0.020801507,0.2420865,0.07708258,-0.06603233,False,False,2,1,False,68,65,3,-3.138115568949533,15.094882220184783,-3.138115568949533,15.094882220184783,0.0,False,False,nan,False
146,0.28265953,0.016096197,0.015265545,0.25828087,0.07377262,-0.06619945,False,False,2,1,False,68,65,3,-1.5833049265044352,13.511577293680347,-1.5833049265044352,13.511577293680347,0.0,False,False,nan,False
147,0.28255978,0.022228442,-0.0058195414,0.27274278,0.06966586,-0.08213595,False,False,2,1,False,68,65,3,-1.3281795740345388,12.183397719645807,-1.3281795740345388,12.183397719645807,0.0,False,False,nan,False
148,0.2823491,0.028634273,-0.016603423,0.28490704,0.06524472,-0.088424444,False,False,2,1,False,68,65,3,-1.1529041382042238,11.030493581441583,-1.1529041382042238,11.030493581441583,0.0,False,False,nan,False
149,0.28206053,0.035102617,-0.024162773,0.28767985,0.060605295,-0.092789985,False,False,2,1,False,68,65,3,-0.21020003798986692,10.820293543451715,-0.21020003798986692,10.820293543451715,0.0,False,False,nan,False
150,0.281596,0.04238764,-0.041217387,0.32397896,0.055431508,-0.103477634,False,False,2,1,False,68,65,3,-3.6255669263920423,7.194726617059673,-3.6255669263920423,7.194726617059673,0.0,False,False,nan,False
151,0.28108683,0.050341282,-0.045714907,0.35368028,0.050288554,-0.10286132,False,False,2,1,False,68,65,3,-2.868004339191077,4.326722277868596,-2.868004339191077,4.326722277868596,0.0,False,False,nan,False
152,0.2804516,0.059111606,-0.057960786,0.38996828,0.04479827,-0.10980807,False,False,2,1,False,68,65,3,-3.6193572620173624,0.7073650158512335,-3.6193572620173624,0.7073650158512335,0.0,False,False,nan,False
153,0.27976483,0.068291694,-0.06303169,0.40816322,0.039222285,-0.111521944,False,False,2,1,False,68,65,3,-1.7539331438397057,-1.0465681279884722,-1.7539331438397057,-1.0465681279884722,0.0,False,False,nan,False
154,0.27893144,0.07828382,-0.07720076,0.4442446,0.03315017,-0.12144502,False,False,2,1,False,68,65,3,-3.655835835313911,-4.702403963302383,-3.655835835313911,-4.702403963302383,0.0,False,False,nan,False
155,0.27806434,0.0886375,-0.08051059,0.46028802,0.02703317,-0.12234263,False,False,2,1,False,68,65,3,-1.539777918134564,-6.242181881436947,-1.539777918134564,-6.242181881436947,0.0,False,False,nan,False
156,0.27736235,0.09911142,-0.06485759,0.46559346,0.021754434,-0.105576836,False,False,2,1,False,68,65,3,-0.3222811282268367,-6.5644630096637835,-0.3222811282268367,-6.5644630096637835,0.0,False,False,nan,False
157,0.27660912,0.10955837,-0.0697708,0.46437967,0.016281314,-0.10946463,False,False,2,1,False,68,65,3,-0.000680240301210222,-6.5651432499649935,-0.000680240301210222,-6.5651432499649935,0.0,False,False,nan,False
158,0.2758724,0.1208371,-0.06829661,0.5013273,0.010969446,-0.10623934,False,False,2,1,False,68,65,3,-3.771489863243647,-10.336633113208642,-3.771489863243647,-10.336633113208642,0.0,False,False,nan,False
159,0.27508774,0.13251837,-0.072911866,0.51919496,0.005478027,-0.1098305,False,False,2,1,False,68,65,3,-2.0006885522904865,-12.337321665499129,-2.0006885522904865,-12.337321665499129,0.0,False,False,nan,False
160,0.27420378,0.14414908,-0.08237512,0.5169332,-0.00046122045,-0.11878772,False,False,2,1,False,68,65,3,-0.1590874749426689,-12.496409140441799,-0.1590874749426689,-12.496409140441799,0.0,False,False,nan,False
161,0.27322704,0.15631086,-0.09122372,0.54050756,-0.0068270788,-0.12732065,False,False,2,1,False,68,65,3,-3.9056584378398496,-16.40206757828165,-3.9056584378398496,-16.40206757828165,0.0,False,False,nan,False
162,0.2724163,0.1689929,-0.075384125,0.56360924,-0.012437949,-0.11221977,False,False,2,1,False,68,65,3,-3.4884556673731906,-19.89052324565484,-3.4884556673731906,-19.89052324565484,0.0,False,False,nan,False
163,0.27170572,0.18257934,-0.06579169,0.6037902,-0.017635768,-0.10395827,False,False,2,1,False,68,65,3,-5.370902143291846,-25.261425388946687,-5.370902143291846,-25.261425388946687,0.0,False,False,nan,False
164,0.27100983,0.19621125,-0.06436186,0.6057911,-0.022796858,-0.103223845,False,False,2,1,False,68,65,3,-1.7227787847370053,-26.984204173683693,-1.7227787847370053,-26.984204173683693,0.0,False,False,nan,False
165,0.27015916,0.2105439,-0.07902501,0.6369039,-0.0287647,-0.11935927,False,False,2,1,False,68,65,3,-4.948529174435197,-31.93273334811889,-4.948529174435197,-31.93273334811889,0.0,False,False,nan,False
166,0.269456,0.22495952,-0.06490772,0.64058137,-0.03410707,-0.10684949,False,False,2,1,False,68,65,3,-1.8921257694458575,-33.82485911756475,-1.8921257694458575,-33.82485911756475,0.0,False,False,nan,False
167,0.26889038,0.24030612,-0.05163352,0.68195045,-0.03897513,-0.09736284,False,False,2,1,False,68,65,3,-5.751460487424569,-39.576319604989315,-5.751460487424569,-39.576319604989315,0.0,False,False,nan,False
168,0.26831216,0.2561507,-0.053077377,0.70407104,-0.043660264,-0.09370271,False,False,2,1,False,68,65,3,-4.017940979707819,-43.59426058469713,-4.017940979707819,-43.59426058469713,0.0,False,False,nan,False
169,0.2677475,0.27201405,-0.05169803,0.7048927,-0.048365887,-0.094112314,False,False,2,1,False,68,65,3,-1.9152739104267653,-45.509534495123894,-1.9152739104267653,-45.509534495123894,0.0,False,False,nan,False
170,0.26727667,0.2884329,-0.042587224,0.7295731,-0.052810866,-0.08889978,False,False,2,1,False,68,65,3,-4.3023695718242605,-49.81190406694815,-4.3023695718242605,-49.81190406694815,0.0,False,False,nan,False
171,0.2668168,0.3047886,-0.04144303,0.7267553,-0.057292037,-0.089623466,False,False,2,1,False,68,65,3,-1.644844010393885,-51.456748077342034,-1.644844010393885,-51.456748077342034,0.0,False,False,nan,False
172,0.26643524,0.3215541,-0.033809066,0.74496114,-0.06159059,-0.08597095,False,False,2,1,False,68,65,3,-3.760764744893808,-55.21751282223584,-3.760764744893808,-55.21751282223584,0.0,False,False,nan,False
173,0.26626617,0.33890027,-0.01333678,0.7707876,-0.06513343,-0.07085658,False,False,2,1,False,68,65,3,-4.511230354786579,-59.728743177022416,-4.511230354786579,-59.728743177022416,0.0,False,False,nan,False
174,0.26619044,0.35706076,-0.0041357456,0.80698085,-0.06852873,-0.067906156,False,False,2,1,False,68,65,3,-5.6859982592880725,-65.41474143631049,-5.6859982592880725,-65.41474143631049,0.0,False,False,nan,False
175,0.2659854,0.37527317,-0.016327698,0.8092429,-0.072658055,-0.08258652,False,False,2,1,False,68,65,3,-2.4157050761108563,-67.83044651242135,-2.4157050761108563,-67.83044651242135,0.0,False,False,nan,False
176,0.26586857,0.39403954,-0.007664284,0.8338612,-0.07663932,-0.07962543,False,False,2,1,False,68,65,3,-4.68391884674931,-72.51436535917065,-4.68391884674931,-72.51436535917065,0.0,False,False,nan,False
177,0.26586658,0.41337362,0.003570913,0.85909677,-0.08036652,-0.07454405,False,False,2,1,False,68,65,3,-4.807998502624673,-77.32236386179532,-4.807998502624673,-77.32236386179532,0.0,False,False,nan,False
178,0.26580065,0.4330054,-0.002310679,0.8722877,-0.08461092,-0.08488753,False,False,2,1,False,68,65,3,-3.70189717180192,-81.02426103359724,-3.70189717180192,-81.02426103359724,0.0,False,False,nan,False
179,0.2656253,0.45278257,-0.012548866,0.8786924,-0.089553416,-0.098850116,False,False,2,1,False,68,65,3,-3.130184380211392,-84.15444541380863,-3.130184380211392,-84.15444541380863,0.0,False,False,nan,False
180,0.26565427,0.4730147,0.007231041,0.89894384,-0.09384582,-0.08584832,False,False,2,1,False,68,65,3,-4.5045009776814195,-88.65894639149005,-4.5045009776814195,-88.65894639149005,0.0,False,False,nan,False
181,0.26573372,0.4937657,0.01236852,0.92198074,-0.09822909,-0.08766554,False,False,2,1,False,68,65,3,-4.869662890179927,-93.52860928166997,-4.869662890179927,-93.52860928166997,0.0,False,False,nan,False
182,0.26594526,0.51507413,0.025308942,0.9467643,-0.10235501,-0.08251838,False,False,2,1,False,68,65,3,-5.1113404919321,-98.63994977360207,-5.1113404919321,-98.63994977360207,0.0,False,False,nan,False
183,0.26619262,0.5373502,0.029229512,0.98973155,-0.10680956,-0.08909086,False,False,2,1,False,68,65,3,-7.05053490433234,-105.6904846779344,-7.05053490433234,-105.6904846779344,0.0,False,False,nan,False
184,0.26636696,0.56054115,0.022759218,1.0303173,-0.11209783,-0.10576546,False,False,2,1,False,68,65,3,-6.963494103797376,-112.65397878173178,-6.963494103797376,-112.65397878173178,0.0,False,False,nan,False
185,0.26641884,0.58383447,0.011319369,1.0347855,-0.118190855,-0.12186037,False,False,2,1,False,68,65,3,-3.4509948258924394,-116.10497360762422,-3.4509948258924394,-116.10497360762422,0.0,False,False,nan,False
186,0.26656085,0.60713005,0.020130258,1.0348767,-0.12408915,-0.11796565,False,False,2,1,False,68,65,3,-3.0444225668579064,-119.14939617448212,-3.0444225668579064,-119.14939617448212,0.0,False,False,nan,False
187,0.26665917,0.63036704,0.01616748,1.0322101,-0.13039427,-0.12610258,False,False,2,1,True,69,65,4,-2.7948099439673397,-121.94420611844946,-2.7948099439673397,-121.94420611844946,0.0,False,False,nan,False
188,0.2667575,0.65300447,0.016166845,1.0055403,-0.13669938,-0.12610218,False,False,0,1,False,69,65,4,-0.05796225580266423,-122.00216837425212,-0.05796225580266423,-122.00216837425212,0.0,False,False,nan,False
189,0.2668559,0.67504233,0.016166179,0.97887033,-0.14300449,-0.12610185,False,False,0,1,False,69,65,4,-0.01239846610621953,-122.01456684035834,-0.01239846610621953,-122.01456684035834,0.0,False,False,nan,False
190,0.26695433,0.6964809,0.016165482,0.95220035,-0.14930955,-0.12610152,False,False,0,1,False,69,65,4,0.034712388402510896,-121.97985445195583,0.034712388402510896,-121.97985445195583,0.0,False,False,nan,False
191,0.26705283,0.71731967,0.01616475,0.92553043,-0.15561461,-0.12610117,False,False,0,1,False,69,65,4,0.08317736931081754,-121.89667708264501,0.08317736931081754,-121.89667708264501,0.0,False,False,nan,False
192,0.26715145,0.73755926,0.016163988,0.8988605,-0.16191967,-0.12610081,False,False,0,1,False,69,65,4,0.13276073887647044,-121.76391634376854,0.13276073887647044,-121.76391634376854,0.0,False,False,nan,False
193,0.26725006,0.75719935,0.016163195,0.87219054,-0.16822469,-0.12610045,False,False,0,1,False,69,65,4,0.18337749041847928,-121.58053885335006,0.18337749041847928,-121.58053885335006,0.0,False,False,nan,False
194,0.26734877,0.77624005,0.016162371,0.8455206,-0.17452972,-0.1261001,False,False,0,1,False,69,65,4,0.23484663023413077,-121.34569222311593,0.23484663023413077,-121.34569222311593,0.0,False,False,nan,False
195,0.26744756,0.794681,0.016161518,0.81885064,-0.1808347,-0.12609975,False,False,0,1,False,69,65,4,0.2871092928821213,-121.05858293023381,0.2871092928821213,-121.05858293023381,0.0,False,False,nan,False
196,0.26754636,0.81252253,0.016160633,0.7921807,-0.18713968,-0.12609941,False,False,0,1,False,69,65,4,0.3400249562394606,-120.71855797399435,0.3400249562394606,-120.71855797399435,0.0,False,False,nan,False
197,0.26764527,0.8297646,0.016159715,0.7655108,-0.19344461,-0.12609905,False,False,0,1,False,69,65,4,0.39350933493955154,-120.3250486390548,0.39350933493955154,-120.3250486390548,0.0,False,False,nan,False
198,0.26774415,0.84640735,0.016158765,0.73884094,-0.19974953,-0.12609874,False,False,0,1,False,69,65,4,0.4475176620874777,-119.87753097696732,0.4475176620874777,-119.87753097696732,0.0,False,False,nan,False
199,0.26784316,0.86245054,0.016157787,0.71217096,-0.20605443,-0.12609838,False,False,0,1,False,69,65,4,0.5020004865352234,-119.3755304904321,0.5020004865352234,-119.3755304904321,0.0,False,False,nan,False
200,0.26794225,0.87789416,0.016156776,0.68550104,-0.21235934,-0.12609802,False,False,0,1,False,69,65,4,0.5568805242766359,-118.81864996615546,0.5568805242766359,-118.81864996615546,0.0,False,False,nan,False
201,0.2680413,0.8927383,0.016155735,0.65883106,-0.21866421,-0.12609768,False,False,0,1,False,69,65,4,0.6121253801565842,-118.20652458599888,0.6121253801565842,-118.20652458599888,0.0,False,False,nan,False
202,0.2681406,0.9069831,0.016154662,0.63216114,-0.22496909,-0.12609735,False,False,0,1,False,69,65,4,0.6676666196400163,-117.53885796635886,0.6676666196400163,-117.53885796635886,0.0,False,False,nan,False
203,0.26823997,0.92062825,0.016153557,0.6054913,-0.23127393,-0.12609696,False,False,0,1,False,69,65,4,0.7235036508238295,-116.81535431553503,0.7235036508238295,-116.81535431553503,0.0,False,False,nan,False
204,0.26833934,0.9336741,0.016152427,0.57882136,-0.23757876,-0.1260966,False,False,0,1,False,69,65,4,0.7795850283406764,-116.03576928719436,0.7795850283406764,-116.03576928719436,0.0,False,False,nan,False
205,0.2684389,0.94612026,0.016151264,0.55215144,-0.24388362,-0.12609732,False,False,0,1,False,69,65,4,0.8359121414919173,-115.19985714570244,0.8359121414919173,-115.19985714570244,0.0,False,False,nan,False
206,0.2685384,0.95796704,0.016150068,0.5254815,-0.25018847,-0.12609698,False,False,0,1,False,69,65,4,0.892409738981172,-114.30744740672127,0.892409738981172,-114.30744740672127,0.0,False,False,nan,False
207,0.26863804,0.9692143,0.016148843,0.4988116,-0.2564933,-0.12609664,False,False,0,1,False,69,65,4,0.9490872277073379,-113.35836017901393,0.9490872277073379,-113.35836017901393,0.0,False,False,nan,False
208,0.2687378,0.97986203,0.016147586,0.47214165,-0.2627981,-0.12609628,False,False,0,1,False,69,65,4,1.0059196772502332,-112.3524405017637,1.0059196772502332,-112.3524405017637,0.0,False,False,nan,False
209,0.26883754,0.98991036,0.016146297,0.44547173,-0.26910293,-0.12609597,False,False,0,1,False,69,65,4,1.0628538719756762,-111.28958662978802,1.0628538719756762,-111.28958662978802,0.0,False,False,nan,False
210,0.2689375,0.9993592,0.01614498,0.4188018,-0.27540773,-0.12609564,False,False,0,1,False,69,65,4,1.1199090527638589,-110.16967757702416,1.1199090527638589,-110.16967757702416,0.0,False,False,nan,False
211,0.26903754,1.0082085,0.016143631,0.39213192,-0.2817125,-0.12609528,False,False,0,1,False,69,65,4,1.1770435713254699,-108.99263400569869,1.1770435713254699,-108.99263400569869,0.0,False,False,nan,False
212,0.26913777,1.0164583,0.016142251,0.36546203,-0.28801724,-0.12609495,False,False,0,1,False,69,65,4,1.2342336559939326,-107.75840034970476,1.2342336559939326,-107.75840034970476,0.0,False,False,nan,False
213,0.2692379,1.0241086,0.016140843,0.33879218,-0.29432198,-0.12609462,False,False,0,1,False,69,65,4,1.2914401473904036,-106.46696020231435,1.2914401473904036,-106.46696020231435,0.0,False,False,nan,False
214,0.26933822,1.0311594,0.016139403,0.3121223,-0.30062667,-0.12609427,False,False,0,1,False,69,65,4,1.3486497054683753,-105.11831049684598,1.3486497054683753,-105.11831049684598,0.0,False,False,nan,False
215,0.26943865,1.0376108,0.016137933,0.28545243,-0.30693135,-0.12609395,False,False,0,1,False,69,65,4,1.4057971973814176,-103.71251329946456,1.4057971973814176,-103.71251329946456,0.0,False,False,nan,False
216,0.26953918,1.0434628,0.016136434,0.25878257,-0.31323603,-0.1260936,False,False,0,1,False,69,65,4,1.462816460647872,-102.24969683881669,1.462816460647872,-102.24969683881669,0.0,False,False,nan,False
217,0.2696398,1.048715,0.016134905,0.2321127,-0.31954068,-0.12609324,False,False,0,1,False,69,65,4,1.5196497113154805,-100.73004712750121,1.5196497113154805,-100.73004712750121,0.0,False,False,nan,False
218,0.26974058,1.0533677,0.016133346,0.20544288,-0.32584533,-0.12609288,False,False,0,1,False,69,65,4,1.5761009990524713,-99.15394612844874,1.5761009990524713,-99.15394612844874,0.0,False,False,nan,False
219,0.2698415,1.0574212,0.016131755,0.17877303,-0.33214995,-0.12609252,False,False,0,1,False,69,65,4,1.6319155703864112,-97.52203055806233,1.6319155703864112,-97.52203055806233,0.0,False,False,nan,False
220,0.26994246,1.060875,0.016130138,0.15210322,-0.33845457,-0.1260922,False,False,0,1,False,69,65,4,1.686685497149341,-95.83534506091299,1.686685497149341,-95.83534506091299,0.0,False,False,nan,False
221,0.27004355,1.0637295,0.016128488,0.1254334,-0.34475914,-0.12609185,False,False,0,1,False,69,65,4,1.7394090259394375,-94.09593603497355,1.7394090259394375,-94.09593603497355,0.0,False,False,nan,False
222,0.27014476,1.0659842,0.016126808,0.09876358,-0.3510637,-0.1260915,False,False,0,1,False,69,65,4,1.7879496048716987,-92.30798643010185,1.7879496048716987,-92.30798643010185,0.0,False,False,nan,False
223,0.27024612,1.0676395,0.016125098,0.07209376,-0.35736826,-0.12609115,False,False,0,1,False,69,65,4,1.8262437646766898,-90.48174266542516,1.8262437646766898,-90.48174266542516,0.0,False,False,nan,False
224,0.27034768,1.0686953,0.016123356,0.04542396,-0.36367282,-0.1260908,False,False,0,1,False,69,65,4,1.832141425242753,-88.6496012401824,1.832141425242753,-88.6496012401824,0.0,False,False,nan,False
225,0.27044916,1.0691519,0.016121587,0.018754158,-0.36997736,-0.12609044,False,False,0,1,False,69,65,4,1.6697619000422037,-86.9798393401402,1.6697619000422037,-86.9798393401402,0.0,False,False,nan,False
226,0.2705509,1.0690086,0.016119787,-0.007915632,-0.37628186,-0.12609011,False,False,0,1,False,69,65,4,0.058197323236356624,-86.92164201690385,0.058197323236356624,-86.92164201690385,0.0,False,False,nan,False
227,0.27065277,1.0682659,0.01611796,-0.034585413,-0.38258636,-0.12608977,False,False,0,1,False,69,65,4,-2.580786425844707,-89.50242844274855,-2.580786425844707,-89.50242844274855,0.0,False,False,nan,False
228,0.27075472,1.0669236,0.016116101,-0.061255183,-0.38889083,-0.12608942,False,False,0,1,False,69,65,4,-3.021145149258615,-92.52357359200717,-3.021145149258615,-92.52357359200717,0.0,False,False,nan,False
229,0.27085686,1.064982,0.016114214,-0.08792495,-0.39519528,-0.12608905,False,False,0,1,False,69,65,4,-3.049736778490626,-95.5733103704978,-3.049736778490626,-95.5733103704978,0.0,False,False,nan,False
230,0.27095908,1.0624408,0.0161123,-0.114594705,-0.4014997,-0.12608871,False,False,0,1,False,69,65,4,-3.01994332384308,-98.59325369434087,-3.01994332384308,-98.59325369434087,0.0,False,False,nan,False
231,0.27106142,1.0593001,0.016110351,-0.14126445,-0.4078041,-0.12608835,False,False,0,1,False,69,65,4,-2.974502945836008,-101.56775664017688,-2.974502945836008,-101.56775664017688,0.0,False,False,nan,False
232,0.27116403,1.0555599,0.016108375,-0.1679342,-0.41410848,-0.12608798,False,False,0,1,False,69,65,4,-2.923169774976998,-104.49092641515388,-2.923169774976998,-104.49092641515388,0.0,False,False,nan,False
233,0.27126664,1.0512199,0.016106373,-0.19460392,-0.42041287,-0.12608762,False,False,0,1,False,69,65,4,-2.8691465484731395,-107.36007296362702,-2.8691465484731395,-107.36007296362702,0.0,False,False,nan,False
234,0.27136955,1.0462806,0.016104339,-0.22127366,-0.42671722,-0.12608726,False,False,0,1,False,69,65,4,-2.813790860271638,-110.17386382389866,-2.813790860271638,-110.17386382389866,0.0,False,False,nan,False
235,0.27147245,1.0407419,0.016102277,-0.24794337,-0.4330216,-0.1260869,False,False,0,1,False,69,65,4,-2.7576612495456345,-112.93152507344429,-2.7576612495456345,-112.93152507344429,0.0,False,False,nan,False
236,0.27157554,1.0346036,0.016100187,-0.27461305,-0.43932593,-0.12608656,False,False,0,1,False,69,65,4,-2.7010966941416257,-115.63262176758592,-2.7010966941416257,-115.63262176758592,0.0,False,False,nan,False
237,0.27167884,1.0278656,0.016098067,-0.3012828,-0.44563025,-0.1260862,False,False,0,1,True,70,65,5,-2.6442947855729244,-118.27691655315884,-2.6442947855729244,-118.27691655315884,0.0,False,False,nan,False
238,0.27170315,1.0205828,0.006074968,-0.3248475,-0.44961822,-0.079759404,False,False,1,1,False,70,65,5,-2.0446505507312893,-120.32156710389013,-2.0446505507312893,-120.32156710389013,0.0,False,False,nan,False
239,0.27164477,1.012752,-0.0043703434,-0.34851196,-0.45122957,-0.032227855,False,False,1,1,False,70,65,5,-1.7966050885816844,-122.11817219247182,-1.7966050885816844,-122.11817219247182,0.0,False,False,nan,False
240,0.2715152,1.0043691,-0.013378365,-0.37244394,-0.4507672,0.009247487,False,False,1,1,False,70,65,5,-1.5854092696321789,-123.703581462104,-1.5854092696321789,-123.703581462104,0.0,False,False,nan,False
241,0.27130088,0.99543774,-0.024065614,-0.39609846,-0.44788298,0.05768445,False,False,1,1,False,70,65,5,-1.288487065506131,-124.99206852761013,-1.288487065506131,-124.99206852761013,0.0,False,False,nan,False
242,0.27100736,0.98596776,-0.034167796,-0.41936177,-0.44261834,0.10529266,False,False,1,1,False,70,65,5,-0.9746378210463706,-125.9667063486565,-0.9746378210463706,-125.9667063486565,0.0,False,False,nan,False
243,0.27063665,0.9759536,-0.043993022,-0.44290537,-0.43507034,0.15096015,False,False,1,1,False,70,65,5,-0.7333791165974037,-126.7000854652539,-0.7333791165974037,-126.7000854652539,0.0,False,False,nan,False
244,0.27018994,0.96538854,-0.0536168,-0.46681103,-0.42533502,0.19470564,False,False,1,1,False,70,65,5,-0.5062529092196246,-127.20633837447353,-0.5062529092196246,-127.20633837447353,0.0,False,False,nan,False
245,0.26966038,0.9542862,-0.06425528,-0.49007145,-0.4131278,0.2441434,False,False,1,1,False,70,65,5,-0.16474799253327774,-127.37108636700681,-0.16474799253327774,-127.37108636700681,0.0,False,False,nan,False
246,0.2690649,0.9426208,-0.07262547,-0.51470375,-0.39907697,0.2810171,False,False,1,1,False,70,65,5,-0.04012580447303435,-127.41121217147985,-0.04012580447303435,-127.41121217147985,0.0,False,False,nan,False
247,0.26839608,0.9304121,-0.082072005,-0.5384279,-0.38285065,0.32452673,False,False,1,1,False,70,65,5,0.3001169236341934,-127.11109524784565,0.3001169236341934,-127.11109524784565,0.0,False,False,nan,False
248,0.26765758,0.9176461,-0.091021195,-0.5628795,-0.36464915,0.36402982,False,False,1,1,False,70,65,5,0.48235405017604305,-126.62874119766961,0.48235405017604305,-126.62874119766961,0.0,False,False,nan,False
249,0.26685667,0.904317,-0.09902963,-0.5877086,-0.34470168,0.39894992,False,False,1,1,False,70,65,5,0.686079379119293,-125.94266181855032,0.686079379119293,-125.94266181855032,0.0,False,False,nan,False
250,0.2659629,0.8904337,-0.110882856,-0.61205655,-0.3222242,0.44954953,False,False,1,1,False,70,65,5,0.9715009871927418,-124.97116083135758,0.9715009871927418,-124.97116083135758,0.0,False,False,nan,False
251,0.26500082,0.8759962,-0.1197531,-0.63662136,-0.29781017,0.48828062,False,False,1,1,False,70,65,5,1.245023237311359,-123.72613759404622,1.245023237311359,-123.72613759404622,0.0,False,False,nan,False
252,0.26395568,0.86101097,-0.13048732,-0.66091615,-0.27107817,0.5346401,False,False,1,1,False,70,65,5,1.5184005711851125,-122.20773702286111,1.5184005711851125,-122.20773702286111,0.0,False,False,nan,False
253,0.26284274,0.8454613,-0.13926992,-0.68616927,-0.24250904,0.5713828,False,False,1,1,False,70,65,5,1.6969273802364182,-120.5108096426247,1.6969273802364182,-120.5108096426247,0.0,False,False,nan,False
254,0.26167345,0.8293535,-0.14668363,-0.7112844,-0.2123584,0.6030127,False,False,1,1,False,70,65,5,1.9480212827503476,-118.56278835987435,1.9480212827503476,-118.56278835987435,0.0,False,False,nan,False
255,0.26043528,0.8126797,-0.15558676,-0.7368013,-0.18037441,0.63968056,False,False,1,1,False,70,65,5,2.1151257916851036,-116.44766256818924,2.1151257916851036,-116.44766256818924,0.0,False,False,nan,False
256,0.2591098,0.7954545,-0.16684395,-0.76176155,-0.14605829,0.68632275,False,False,1,1,False,70,65,5,2.404511953092596,-114.04315061509665,2.404511953092596,-114.04315061509665,0.0,False,False,nan,False
257,0.25770387,0.7776525,-0.17712966,-0.7880124,-0.109683774,0.7274907,False,False,1,1,False,70,65,5,2.557015865672328,-111.48613474942432,2.557015865672328,-111.48613474942432,0.0,False,False,nan,False
258,0.25622064,0.7592782,-0.18700454,-0.8142488,-0.07132884,0.76709884,False,False,1,1,False,70,65,5,2.81788233469277,-108.66825241473155,2.81788233469277,-108.66825241473155,0.0,False,False,nan,False
259,0.25465775,0.7403383,-0.197149,-0.8403227,-0.030935474,0.8078674,False,False,1,1,False,70,65,5,3.083278351291882,-105.58497406343967,3.083278351291882,-105.58497406343967,0.0,False,False,nan,False
260,0.25303602,0.72082543,-0.20460346,-0.8668888,0.010946077,0.8376319,False,False,1,1,False,70,65,5,1.1086217316373574,-104.47635233180232,1.1086217316373574,-104.47635233180232,0.0,False,False,nan,False
261,0.25134382,0.70073706,-0.21341364,-0.89371526,0.054586355,0.87280655,False,False,1,1,False,70,65,5,-5.257856861037765,-109.73420919284008,-5.257856861037765,-109.73420919284008,0.0,False,False,nan,False
262,0.24957752,0.6800582,-0.22258191,-0.9213661,0.100072786,0.90972966,False,False,1,1,False,70,65,5,-5.477235403203024,-115.21144459604311,-5.477235403203024,-115.21144459604311,0.0,False,False,nan,False
263,0.24774274,0.6587952,-0.23090604,-0.9488719,0.1472405,0.9433557,False,False,1,1,False,70,65,5,-5.558945991347257,-120.77039058739037,-5.558945991347257,-120.77039058739037,0.0,False,False,nan,False
264,0.24582568,0.6369491,-0.24078982,-0.97653383,0.19641057,0.9834018,False,False,1,1,False,70,65,5,-5.759190448796658,-126.52958103618703,-5.759190448796658,-126.52958103618703,0.0,False,False,nan,False
265,0.24381408,0.61450154,-0.25212216,-1.0052482,0.2479447,1.0306838,False,False,1,1,False,70,65,5,-6.079753765890557,-132.60933480207757,-6.079753765890557,-132.60933480207757,0.0,False,False,nan,False
266,0.24171133,0.59144926,-0.26278272,-1.0343105,0.30175534,1.0762138,False,False,1,1,False,70,65,5,-6.272894643337479,-138.88222944541505,-6.272894643337479,-138.88222944541505,0.0,False,False,nan,False
267,0.23951311,0.56778574,-0.27374804,-1.0639015,0.35797304,1.1243557,False,False,1,1,False,70,65,5,-6.520527155807371,-145.40275660122242,-6.520527155807371,-145.40275660122242,0.0,False,False,nan,False
268,0.23724994,0.54351944,-0.28063056,-1.0931302,0.4157997,1.1565357,False,False,1,1,False,70,65,5,-6.495596048667152,-151.89835264988957,-6.495596048667152,-151.89835264988957,0.0,False,False,nan,False
269,0.23491983,0.5186506,-0.28743348,-1.1224706,0.47525683,1.1891446,False,False,1,1,False,70,65,5,-6.619716321141396,-158.51806897103097,-6.619716321141396,-158.51806897103097,0.0,False,False,nan,False
270,0.23248824,0.49317142,-0.29810867,-1.1525701,0.53718096,1.2384846,False,False,1,1,False,70,65,5,-6.988493100167118,-165.5065620711981,-6.988493100167118,-165.5065620711981,0.0,False,False,nan,False
271,0.22996636,0.46707475,-0.30706078,-1.1830907,0.6013594,1.2835718,False,False,1,1,False,70,65,5,-7.166339568300713,-172.6729016394988,-7.166339568300713,-172.6729016394988,0.0,False,False,nan,False
272,0.22736311,0.44034958,-0.3145656,-1.2142189,0.6676963,1.3267415,False,False,1,1,False,70,65,5,-7.361624146877715,-180.03452578637652,-7.361624146877715,-180.03452578637652,0.0,False,False,nan,False
273,0.22468424,0.41299677,-0.3209237,-1.2453568,0.7360407,1.3668916,False,False,1,1,False,70,65,5,-7.495938227101049,-187.53046401347757,-7.495938227101049,-187.53046401347757,0.0,False,False,nan,False
274,0.22192621,0.3850269,-0.3269835,-1.2760304,0.8062583,1.4043555,False,False,1,1,False,70,65,5,-7.598178850066659,-195.12864286354423,-7.598178850066659,-195.12864286354423,0.0,False,False,nan,False
275,0.21906939,0.35640967,-0.33501628,-1.3084801,0.8791198,1.4572341,False,False,1,1,False,70,65,5,-8.053629224425633,-203.18227208796986,-8.053629224425633,-203.18227208796986,0.0,False,False,nan,False
276,0.21613674,0.32716414,-0.3395581,-1.3397151,0.9538403,1.4944134,False,False,1,1,False,70,65,5,-8.016844070519339,-211.1991161584892,-8.016844070519339,-211.1991161584892,0.0,False,False,nan,False
277,0.21311483,0.29725772,-0.34524953,-1.3727683,1.0311342,1.5458837,False,False,1,1,False,70,65,5,-8.468279457258715,-219.66739561574792,-8.468279457258715,-219.66739561574792,0.0,False,False,nan,False
278,0.21000376,0.26668346,-0.35020036,-1.4061092,1.1110426,1.5981717,False,False,1,1,False,70,65,5,-8.743732328091395,-228.41112794383932,-8.743732328091395,-228.41112794383932,0.0,False,False,nan,False
279,0.2068077,0.23544997,-0.35377118,-1.4387666,1.1932343,1.6438425,False,False,1,1,False,70,65,5,-8.898602133167655,-237.30973007700698,-8.898602133167655,-237.30973007700698,0.0,False,False,nan,False
280,0.20351438,0.20352389,-0.35804796,-1.4731587,1.2783892,1.7031047,False,False,1,1,False,70,65,5,-9.431986065115124,-246.7417161421221,-9.431986065115124,-246.7417161421221,0.0,False,False,nan,False
281,0.2001256,0.1708952,-0.3612234,-1.5077987,1.3665422,1.7630684,False,False,1,1,False,70,65,5,-9.821601422879125,-256.5633175650012,-9.821601422879125,-256.5633175650012,0.0,False,False,nan,False
282,0.19664831,0.13759333,-0.36263976,-1.5402241,1.4568117,1.8053964,False,False,1,1,False,70,65,5,-9.928554991400487,-266.4918725564017,-9.928554991400487,-266.4918725564017,0.0,False,False,nan,False
283,0.1930894,0.10358556,-0.3627019,-1.5740018,1.5496789,1.8573554,False,False,1,1,False,70,65,5,-10.519309561640425,-277.0111821180421,-10.519309561640425,-277.0111821180421,0.0,False,False,nan,False
284,0.18945093,0.068861686,-0.36175907,-1.6077161,1.6451306,1.9090443,False,False,1,1,False,70,65,5,-11.087315648543294,-288.09849776658535,-11.087315648543294,-288.09849776658535,0.0,False,False,nan,False
285,0.18573675,0.033421766,-0.3597572,-1.6406653,1.7429055,1.9555095,False,True,1,1,False,70,65,5,-1.6948016322535,-289.7932993988388,-1.6948016322535,-289.7932993988388,0.0,False,False,nan,False
286,0.18094835,0.0038314916,-0.40504256,-1.4763436,1.9824448,4.723301,False,True,1,1,False,70,65,5,-8.336168312495515,-298.1294677113343,-8.336168312495515,-298.1294677113343,0.0,False,False,nan,False
287,0.17909488,0.005297229,-0.18612126,0.015458513,1.9805435,0.1879964,False,True,1,1,True,71,65,6,-100,-398.1294677113343,-100,-398.1294677113343,0.0,True,False,nan,False
