step,x,y,vx,vy,angle,angular_velocity,left_leg_contact,right_leg_contact,navigation_action,current_fps,fresh_observation,n_fresh_observations,n_fresh_observations_before_touchdown,n_fresh_observations_after_touchdown,instant_nav_reward,cumulative_nav_reward,instant_adaptive_reward,cumulative_adaptive_reward,instant_frame_penalty,terminated,truncated,vy_at_touchdown,success
1,-0.011593247,1.4328375,-0.57903594,0.4742836,0.010954013,0.083491206,False,False,3,10,True,2,2,0,1.1143159036955705,1.1143159036955705,1.1143159036955705,1.1143159036955705,0.0,False,False,nan,False
2,-0.01726389,1.4429023,-0.5693024,0.44730547,0.013172606,0.04437579,False,False,3,10,False,2,2,0,1.1835905562190032,2.2979064599145738,1.1835905562190032,2.2979064599145738,0.0,False,False,nan,False
3,-0.022844696,1.4523574,-0.55803925,0.4202258,0.01313378,-0.0007769341,False,False,3,10,False,2,2,0,1.5646986968377814,3.8626051567523554,1.5646986968377814,3.8626051567523554,0.0,False,False,nan,False
4,-0.028328609,1.4612093,-0.54587924,0.39343387,0.010657922,-0.04952193,False,False,3,10,False,2,2,0,1.8912152600698573,5.7538204168222125,1.8912152600698573,5.7538204168222125,0.0,False,False,nan,False
5,-0.033718206,1.4694631,-0.5340671,0.36686748,0.0058159893,-0.0968477,False,False,3,10,False,2,2,0,2.1126185195575444,7.866438936379756,2.1126185195575444,7.866438936379756,0.0,False,False,nan,False
6,-0.039047528,1.4771245,-0.5265037,0.3405146,-0.0005386872,-0.1271054,False,False,3,10,True,3,3,0,1.8099805717504023,9.67641950813016,1.8099805717504023,9.67641950813016,0.0,False,False,nan,False
7,-0.04437666,1.4841862,-0.5264838,0.31384367,-0.006892222,-0.12708253,False,False,0,10,False,3,3,0,0.052939418615267186,9.729358926745427,0.052939418615267186,9.729358926745427,0.0,False,False,nan,False
8,-0.049705602,1.4906485,-0.52646494,0.2871727,-0.013245085,-0.12706874,False,False,0,10,False,3,3,0,0.025495006381049734,9.754853933126476,0.025495006381049734,9.754853933126476,0.0,False,False,nan,False
9,-0.05503435,1.4965112,-0.52644634,0.26050165,-0.019596972,-0.12704924,False,False,0,10,False,3,3,0,-0.007615807250857642,9.747238125875619,-0.007615807250857642,9.747238125875619,0.0,False,False,nan,False
10,-0.060362816,1.5017745,-0.5264277,0.23383039,-0.025947845,-0.12702918,False,False,0,10,False,3,3,0,-0.04655777914365444,9.700680346731964,-0.04655777914365444,9.700680346731964,0.0,False,False,nan,False
11,-0.06569109,1.5064385,-0.52640915,0.20715897,-0.032297723,-0.12700921,False,False,0,10,True,4,4,0,-0.09138805211725298,9.609292294614711,-0.09138805211725298,9.609292294614711,0.0,False,False,nan,False
12,-0.07101917,1.5105028,-0.5263907,0.18048741,-0.03864662,-0.1269894,False,False,0,10,False,4,4,0,-0.14194757321558882,9.467344721399122,-0.14194757321558882,9.467344721399122,0.0,False,False,nan,False
13,-0.07634707,1.5139676,-0.52637225,0.1538157,-0.044994522,-0.1269696,False,False,0,10,False,4,4,0,-0.19801869757921509,9.269326023819907,-0.19801869757921509,9.269326023819907,0.0,False,False,nan,False
14,-0.08167477,1.5168331,-0.52635396,0.12714379,-0.051341437,-0.12694988,False,False,0,10,False,4,4,0,-0.2592494985706253,9.010076525249282,-0.2592494985706253,9.010076525249282,0.0,False,False,nan,False
15,-0.08700218,1.5190989,-0.52633584,0.10047172,-0.05768738,-0.12693024,False,False,0,10,False,4,4,0,-0.3250827172559241,8.684993807993358,-0.3250827172559241,8.684993807993358,0.0,False,False,nan,False
16,-0.09232931,1.5207653,-0.5263177,0.07379951,-0.06403235,-0.12691066,False,False,0,10,True,5,5,0,-0.39492548472043154,8.290068323272926,-0.39492548472043154,8.290068323272926,0.0,False,False,nan,False
17,-0.09765644,1.5218322,-0.5262997,0.047127105,-0.070376314,-0.1268911,False,False,0,10,False,5,5,0,-0.4679694614655716,7.822098861807355,-0.4679694614655716,7.822098861807355,0.0,False,False,nan,False
18,-0.10298328,1.5222994,-0.52628183,0.020454533,-0.07671933,-0.12687168,False,False,0,10,False,5,5,0,-0.5433236051072754,7.278775256700079,-0.5433236051072754,7.278775256700079,0.0,False,False,nan,False
19,-0.10830984,1.5221672,-0.5262641,-0.006218199,-0.08306137,-0.12685232,False,False,0,10,False,5,5,0,-0.6200569335925366,6.658718323107543,-0.6200569335925366,6.658718323107543,0.0,False,False,nan,False
20,-0.11363621,1.5214355,-0.52624637,-0.03289106,-0.089402445,-0.12683302,False,False,0,10,False,5,5,0,-0.6971129486875327,5.96160537442001,-0.6971129486875327,5.96160537442001,0.0,False,False,nan,False
21,-0.118962385,1.5201042,-0.5262288,-0.05956405,-0.09574256,-0.12681386,False,False,0,10,True,6,6,0,-0.7734642959520386,5.188141078467972,-0.7734642959520386,5.188141078467972,0.0,False,False,nan,False
22,-0.124288276,1.5181733,-0.5262114,-0.086237125,-0.10208172,-0.12679468,False,False,0,10,False,6,6,0,-0.8481423071303311,4.3399987713376404,-0.8481423071303311,4.3399987713376404,0.0,False,False,nan,False
23,-0.12961397,1.5156429,-0.526194,-0.11291036,-0.10841994,-0.12677564,False,False,0,10,False,6,6,0,-0.9201612242562192,3.4198375470814213,-0.9201612242562192,3.4198375470814213,0.0,False,False,nan,False
24,-0.13493948,1.5125128,-0.5261768,-0.13958366,-0.11475722,-0.12675668,False,False,0,10,False,6,6,0,-0.988711331237937,2.4311262158434843,-0.988711331237937,2.4311262158434843,0.0,False,False,nan,False
25,-0.14025907,1.5087717,-0.5260028,-0.16674879,-0.12069159,-0.11869528,False,False,0,10,False,6,6,0,-1.011560071958172,1.4195661438853122,-1.011560071958172,1.4195661438853122,0.0,False,False,nan,False
26,-0.14558592,1.5044215,-0.5263173,-0.19387613,-0.12702785,-0.12672494,False,False,0,10,True,7,7,0,-1.159802582336539,0.2597635615487732,-1.159802582336539,0.2597635615487732,0.0,False,False,nan,False
27,-0.15091267,1.4994715,-0.52631795,-0.2205462,-0.1333641,-0.12672478,False,False,0,10,False,7,7,0,-1.1701875497799108,-0.9104239882311376,-1.1701875497799108,-0.9104239882311376,0.0,False,False,nan,False
28,-0.15623951,1.4939224,-0.52631855,-0.24721621,-0.13970031,-0.12672451,False,False,0,10,False,7,7,0,-1.2188088889976143,-2.129232877228752,-1.2188088889976143,-2.129232877228752,0.0,False,False,nan,False
29,-0.16156626,1.4877734,-0.5263192,-0.2738862,-0.14603652,-0.12672438,False,False,0,10,False,7,7,0,-1.261698329857552,-3.390931207086304,-1.261698329857552,-3.390931207086304,0.0,False,False,nan,False
30,-0.166893,1.4810252,-0.52631986,-0.30055618,-0.15237269,-0.12672397,False,False,0,10,False,7,7,0,-1.2988567074356752,-4.689787914521979,-1.2988567074356752,-4.689787914521979,0.0,False,False,nan,False
31,-0.17221966,1.4736778,-0.5263206,-0.3272262,-0.15870884,-0.12672326,False,False,0,10,True,8,8,0,-1.3302861325217918,-6.020074047043771,-1.3302861325217918,-6.020074047043771,0.0,False,False,nan,False
32,-0.17754622,1.4657305,-0.52632135,-0.3538962,-0.16504498,-0.12672274,False,False,0,10,False,8,8,0,-1.3560861257507213,-7.376160172794492,-1.3560861257507213,-7.376160172794492,0.0,False,False,nan,False
33,-0.18287277,1.457184,-0.5263221,-0.3805662,-0.17138112,-0.1267226,False,False,0,10,False,8,8,0,-1.3765016544343212,-8.752661827228813,-1.3765016544343212,-8.752661827228813,0.0,False,False,nan,False
34,-0.18819913,1.4480379,-0.526323,-0.40723622,-0.17771722,-0.12672225,False,False,0,10,False,8,8,0,-1.3917334089466067,-10.14439523617542,-1.3917334089466067,-10.14439523617542,0.0,False,False,nan,False
35,-0.19352551,1.4382921,-0.5263239,-0.4339062,-0.18405332,-0.12672187,False,False,0,10,False,8,8,0,-1.4020492184439775,-11.546444454619397,-1.4020492184439775,-11.546444454619397,0.0,False,False,nan,False
36,-0.19885187,1.4279472,-0.52632487,-0.46057618,-0.1903894,-0.12672152,False,False,0,10,True,9,9,0,-1.4077664622518284,-12.954210916871226,-1.4077664622518284,-12.954210916871226,0.0,False,False,nan,False
37,-0.20417818,1.4170027,-0.5263258,-0.48724616,-0.19672546,-0.12672117,False,False,0,10,False,9,9,0,-1.409174731655213,-14.363385648526439,-1.409174731655213,-14.363385648526439,0.0,False,False,nan,False
38,-0.20950437,1.4054587,-0.5263268,-0.51391613,-0.20306148,-0.12672079,False,False,0,10,False,9,9,0,-1.4065412762525114,-15.76992692477895,-1.4065412762525114,-15.76992692477895,0.0,False,False,nan,False
39,-0.21483049,1.3933152,-0.5263277,-0.5405861,-0.20939748,-0.12672019,False,False,0,10,False,9,9,0,-1.4002402173811674,-17.170167142160118,-1.4002402173811674,-17.170167142160118,0.0,False,False,nan,False
40,-0.22015658,1.3805722,-0.5263288,-0.567256,-0.21573345,-0.12671985,False,False,0,10,False,9,9,0,-1.3905167191529415,-18.56068386131306,-1.3905167191529415,-18.56068386131306,0.0,False,False,nan,False
41,-0.22548255,1.3672298,-0.5263299,-0.5939259,-0.22206943,-0.12671944,False,False,0,10,True,10,10,0,-1.377698555094156,-19.938382416407215,-1.377698555094156,-19.938382416407215,0.0,False,False,nan,False
42,-0.2308085,1.353288,-0.52633095,-0.6205958,-0.22840537,-0.12671909,False,False,0,10,False,10,10,0,-1.3620302611194575,-21.300412677526673,-1.3620302611194575,-21.300412677526673,0.0,False,False,nan,False
43,-0.23613438,1.3387465,-0.526332,-0.64726573,-0.23474132,-0.12671874,False,False,0,10,False,10,10,0,-1.3437638424751128,-22.644176520001785,-1.3437638424751128,-22.644176520001785,0.0,False,False,nan,False
44,-0.24146013,1.3236058,-0.5263332,-0.6739357,-0.24107723,-0.12671842,False,False,0,10,False,10,10,0,-1.3231916227689169,-23.967368142770702,-1.3231916227689169,-23.967368142770702,0.0,False,False,nan,False
45,-0.24678579,1.3078653,-0.52633446,-0.70060563,-0.24741311,-0.12671804,False,False,0,10,False,10,10,0,-1.300493869027889,-25.26786201179859,-1.300493869027889,-25.26786201179859,0.0,False,False,nan,False
46,-0.25211138,1.2915254,-0.5263357,-0.7272756,-0.25374898,-0.1267177,False,False,0,10,True,11,11,0,-1.2759517158271194,-26.54381372762571,-1.2759517158271194,-26.54381372762571,0.0,False,False,nan,False
47,-0.25719815,1.2758869,-0.5025238,-0.6961263,-0.26002228,-0.12546594,False,False,2,10,False,11,11,0,4.427055922690482,-22.11675780493523,4.427055922690482,-22.11675780493523,0.0,False,False,nan,False
48,-0.2620605,1.260852,-0.4801404,-0.66931576,-0.26624617,-0.1244784,False,False,2,10,False,11,11,0,3.936630875127446,-18.180126929807784,3.936630875127446,-18.180126929807784,0.0,False,False,nan,False
49,-0.26673007,1.2464489,-0.4607389,-0.64127964,-0.27260882,-0.1272532,False,False,2,10,False,11,11,0,3.7856278524090614,-14.394499077398724,3.7856278524090614,-14.394499077398724,0.0,False,False,nan,False
50,-0.27109712,1.2327225,-0.43077797,-0.6111687,-0.27868363,-0.12149634,False,False,2,10,False,11,11,0,4.531861468486636,-9.862637608912088,4.531861468486636,-9.862637608912088,0.0,False,False,nan,False
51,-0.27546144,1.2189758,-0.43004876,-0.6121992,-0.28523722,-0.1310719,False,False,2,10,True,12,12,0,0.24909945657993832,-9.61353815233215,0.24909945657993832,-9.61353815233215,0.0,False,False,nan,False
52,-0.27974707,1.2058151,-0.4215393,-0.5863107,-0.2924701,-0.14465733,False,False,2,10,False,12,12,0,2.767132987134585,-6.846405165197566,2.767132987134585,-6.846405165197566,0.0,False,False,nan,False
53,-0.28368178,1.1930184,-0.38713473,-0.5700224,-0.29900578,-0.13071342,False,False,2,10,False,12,12,0,3.5084596229479645,-3.337945542249601,3.5084596229479645,-3.337945542249601,0.0,False,False,nan,False
54,-0.2874345,1.1806449,-0.36882463,-0.55127186,-0.30566564,-0.13319738,False,False,2,10,False,12,12,0,2.7274949195196543,-0.6104506227299469,2.7274949195196543,-0.6104506227299469,0.0,False,False,nan,False
55,-0.29092342,1.1690812,-0.34232444,-0.51533824,-0.3124697,-0.13608083,False,False,2,10,False,12,12,0,4.518889954831178,3.9084393321012314,4.518889954831178,3.9084393321012314,0.0,False,False,nan,False
56,-0.29416317,1.1578734,-0.31760228,-0.4995082,-0.31908274,-0.13226077,False,False,2,10,True,13,13,0,2.721322744744225,6.629762076845457,2.721322744744225,6.629762076845457,0.0,False,False,nan,False
57,-0.29707664,1.1468827,-0.28561315,-0.48974863,-0.3250536,-0.119416736,False,False,2,10,False,13,13,0,2.5933209182053476,9.223082995050804,2.5933209182053476,9.223082995050804,0.0,False,False,nan,False
58,-0.2998554,1.1365706,-0.27150646,-0.4597666,-0.33169165,-0.13276109,False,False,2,10,False,13,13,0,3.2634140457264893,12.486497040777294,3.2634140457264893,12.486497040777294,0.0,False,False,nan,False
59,-0.30228266,1.126754,-0.23678789,-0.43765795,-0.33789268,-0.12402047,False,False,2,10,False,13,13,0,3.6002701952409497,16.086767236018243,3.6002701952409497,16.086767236018243,0.0,False,False,nan,False
60,-0.30441624,1.1174812,-0.2075386,-0.4135041,-0.3439804,-0.12175465,False,False,2,10,False,13,13,0,3.4250349799780624,19.511802215996305,3.4250349799780624,19.511802215996305,0.0,False,False,nan,False
61,-0.30616245,1.1084604,-0.16958195,-0.4021345,-0.3492679,-0.10574992,False,False,2,10,True,14,14,0,2.6185022171292305,22.130304433125534,2.6185022171292305,22.130304433125534,0.0,False,False,nan,False
62,-0.3079668,1.0988679,-0.17691393,-0.42720288,-0.35296914,-0.07402505,False,False,1,10,False,14,14,0,-2.1200451831147675,20.010259250010765,-2.1200451831147675,20.010259250010765,0.0,False,False,nan,False
63,-0.30982667,1.0887165,-0.18401067,-0.45165431,-0.35504717,-0.04156079,False,False,1,10,False,14,14,0,-1.8428493386760454,18.16740991133472,-1.8428493386760454,18.16740991133472,0.0,False,False,nan,False
64,-0.31174836,1.0779969,-0.19181061,-0.47652236,-0.35542446,-0.007546057,False,False,1,10,False,14,14,0,-1.6880688170719214,16.479341094262796,-1.6880688170719214,16.479341094262796,0.0,False,False,nan,False
65,-0.31373054,1.0667219,-0.19953948,-0.50078094,-0.35403383,0.027812768,False,False,1,10,False,14,14,0,-1.4033614937200969,15.0759796005427,-1.4033614937200969,15.0759796005427,0.0,False,False,nan,False
66,-0.31578866,1.0548859,-0.20912023,-0.5252361,-0.350554,0.069596775,False,False,1,50,True,15,15,0,-1.2323092521912133,13.843670348351488,-1.2323092521912133,13.843670348351488,0.0,False,False,nan,False
67,-0.3177603,1.0424037,-0.1981912,-0.55451876,-0.34946904,0.021699179,False,False,3,50,True,16,16,0,-1.137325228893501,12.706345119457987,-1.137325228893501,12.706345119457987,0.0,False,False,nan,False
68,-0.31946158,1.0304712,-0.17112827,-0.5300905,-0.34842312,0.020918343,False,False,2,50,True,17,17,0,4.07955790642846,16.785903025886448,4.07955790642846,16.785903025886448,0.0,False,False,nan,False
69,-0.32096654,1.0190194,-0.15121803,-0.50878936,-0.34766054,0.015251848,False,False,2,50,True,18,18,0,3.4487106213732206,20.234613647259668,3.4487106213732206,20.234613647259668,0.0,False,False,nan,False
70,-0.32243377,1.0078359,-0.1467352,-0.49704912,-0.3476451,0.00030873186,False,False,2,50,True,19,19,0,1.9760910394487723,22.21070468670844,1.9760910394487723,22.21070468670844,0.0,False,False,nan,False
71,-0.32358274,0.9975452,-0.11474259,-0.4574029,-0.34781376,-0.0033728878,False,False,2,50,True,20,20,0,5.295442220814704,27.506146907523142,5.295442220814704,27.506146907523142,0.0,False,False,nan,False
72,-0.32464227,0.98733586,-0.105479635,-0.4538595,-0.34830883,-0.0099016875,False,False,2,50,True,21,21,0,1.1500783612639907,28.656225268787132,1.1500783612639907,28.656225268787132,0.0,False,False,nan,False
73,-0.3252241,0.9777958,-0.05841781,-0.4239443,-0.3480629,0.0049185655,False,False,2,50,True,22,22,0,4.412603837053536,33.06882910584067,4.412603837053536,33.06882910584067,0.0,False,False,nan,False
74,-0.32589644,0.96770626,-0.06986497,-0.44778755,-0.34529817,0.055294536,False,False,1,50,True,23,23,0,-1.3435563414497256,31.725272764390944,-1.3435563414497256,31.725272764390944,0.0,False,False,nan,False
75,-0.32628298,0.9576706,-0.041827157,-0.4452727,-0.34197214,0.066519745,False,False,2,50,True,24,24,0,1.5679228997488053,33.29319566413975,1.5679228997488053,33.29319566413975,0.0,False,False,nan,False
76,-0.32673588,0.94706225,-0.050157875,-0.4703345,-0.33687133,0.10201621,False,False,1,50,True,25,25,0,-1.1079574180703549,32.185238246069396,-1.1079574180703549,32.185238246069396,0.0,False,False,nan,False
77,-0.32718864,0.9358544,-0.050158966,-0.4970032,-0.33177057,0.10201603,False,False,0,50,True,26,26,0,-1.098666961528039,31.086571284541357,-1.098666961528039,31.086571284541357,0.0,False,False,nan,False
78,-0.32738304,0.92487615,-0.024615508,-0.48673582,-0.3263733,0.10794499,False,False,2,50,True,27,27,0,2.4858828080725006,33.57245409261386,2.4858828080725006,33.57245409261386,0.0,False,False,nan,False
79,-0.3272612,0.9143665,0.0066812905,-0.46586815,-0.32064655,0.11453496,False,False,2,50,True,28,28,0,3.411058970709104,36.98351306332297,3.411058970709104,36.98351306332297,0.0,False,False,nan,False
80,-0.3271393,0.9032573,0.0066799694,-0.49253744,-0.3149198,0.1145347,False,False,0,50,True,29,29,0,-1.0446217356140153,35.93889132770895,-1.0446217356140153,35.93889132770895,0.0,False,False,nan,False
81,-0.32678756,0.8929412,0.029961709,-0.45736828,-0.30951223,0.10815154,False,False,2,50,True,30,30,0,4.6455711473221415,40.584462475031096,4.6455711473221415,40.584462475031096,0.0,False,False,nan,False
82,-0.32643574,0.88202566,0.029960567,-0.48403728,-0.30410466,0.10815134,False,False,0,50,True,31,31,0,-1.0842122320193823,39.50025024301171,-1.0842122320193823,39.50025024301171,0.0,False,False,nan,False
83,-0.3258105,0.87119454,0.05673965,-0.48017973,-0.29812258,0.11964144,False,False,2,50,True,32,32,0,1.4794701803715895,40.979720423383306,1.4794701803715895,40.979720423383306,0.0,False,False,nan,False
84,-0.32518515,0.85976416,0.056738306,-0.5068492,-0.29214054,0.119641125,False,False,0,50,True,33,33,0,-0.9593837376067995,40.020336685776506,-0.9593837376067995,40.020336685776506,0.0,False,False,nan,False
85,-0.32449406,0.8485461,0.06371972,-0.49750966,-0.2865883,0.11104481,False,False,2,50,True,34,34,0,2.1724780148943923,42.1928147006709,2.1724780148943923,42.1928147006709,0.0,False,False,nan,False
86,-0.32375583,0.83733904,0.06873522,-0.49710566,-0.2813592,0.10458227,False,False,2,50,True,35,35,0,1.2692851637822684,43.46209986445317,1.2692851637822684,43.46209986445317,0.0,False,False,nan,False
87,-0.32294735,0.8264235,0.07619156,-0.48424113,-0.2765808,0.095567815,False,False,2,50,True,36,36,0,2.3881877740697464,45.85028763852292,2.3881877740697464,45.85028763852292,0.0,False,False,nan,False
88,-0.32190114,0.8157802,0.09965169,-0.47210053,-0.27147844,0.1020476,False,False,2,50,True,37,37,0,2.0086981453921853,47.85898578391511,2.0086981453921853,47.85898578391511,0.0,False,False,nan,False
89,-0.3209277,0.8045694,0.09044197,-0.49699625,-0.2644198,0.14117308,False,False,1,50,True,38,38,0,-0.5116921442815101,47.3472936396336,-0.5116921442815101,47.3472936396336,0.0,False,False,nan,False
90,-0.31995422,0.7927591,0.090440296,-0.523667,-0.25736117,0.1411726,False,False,0,50,True,39,39,0,-0.7878872782376334,46.559406361395965,-0.7878872782376334,46.559406361395965,0.0,False,False,nan,False
91,-0.3189052,0.78133565,0.09841111,-0.50659233,-0.25073823,0.13245866,False,False,2,50,True,40,40,0,2.9959151158581507,49.55532147725412,2.9959151158581507,49.55532147725412,0.0,False,False,nan,False
92,-0.317856,0.7693125,0.09840972,-0.53326255,-0.24411532,0.13245825,False,False,0,50,True,41,41,0,-0.8061033413259793,48.74921813592814,-0.8061033413259793,48.74921813592814,0.0,False,False,nan,False
93,-0.31685147,0.75734514,0.0946215,-0.5309296,-0.23818032,0.11870011,False,False,2,50,True,42,42,0,1.7342585265203467,50.48347666244849,1.7342585265203467,50.48347666244849,0.0,False,False,nan,False
94,-0.3157507,0.74599916,0.10468079,-0.50340086,-0.23270093,0.10958803,False,False,2,50,True,43,43,0,3.848976519603764,54.332453182052255,3.848976519603764,54.332453182052255,0.0,False,False,nan,False
95,-0.31435186,0.7348432,0.13371295,-0.4948625,-0.22644177,0.12518331,False,False,2,25,True,44,44,0,1.5632841766601018,55.89573735871236,1.5632841766601018,55.89573735871236,0.0,False,False,nan,False
96,-0.31295294,0.7230875,0.13371181,-0.52153236,-0.22018261,0.12518297,False,False,0,25,False,44,44,0,-0.8180707618194276,55.07766659689293,-0.8180707618194276,55.07766659689293,0.0,False,False,nan,False
97,-0.311554,0.71073246,0.13371071,-0.5482022,-0.21392347,0.12518261,False,False,0,25,True,45,45,0,-0.772789692530381,54.30487690436255,-0.772789692530381,54.30487690436255,0.0,False,False,nan,False
98,-0.3101155,0.6989099,0.13820633,-0.5246387,-0.20822659,0.11393769,False,False,2,25,False,45,45,0,3.58305287493904,57.887929779301594,3.58305287493904,57.887929779301594,0.0,False,False,nan,False
99,-0.30872947,0.68733317,0.13372649,-0.5138436,-0.20330529,0.098425694,False,False,2,25,True,46,46,0,2.463525718730563,60.35145549803216,2.463525718730563,60.35145549803216,0.0,False,False,nan,False
100,-0.3070361,0.6766325,0.16397882,-0.47485402,-0.19791083,0.10788913,False,False,2,25,False,46,46,0,4.143375720901543,64.4948312189337,4.143375720901543,64.4948312189337,0.0,False,False,nan,False
101,-0.30525103,0.66584104,0.1730385,-0.47890377,-0.19240887,0.11003909,False,False,2,25,True,47,47,0,0.6224579628389904,65.11728918177269,0.6224579628389904,65.11728918177269,0.0,False,False,nan,False
102,-0.3034659,0.6544499,0.17303777,-0.505573,-0.18690693,0.11003886,False,False,0,25,False,47,47,0,-0.8564756907253752,64.26081349104732,-0.8564756907253752,64.26081349104732,0.0,False,False,nan,False
103,-0.30168074,0.64245915,0.17303704,-0.5322421,-0.18140501,0.110038616,False,False,0,25,True,48,48,0,-0.8175898170388791,63.443223674008436,-0.8175898170388791,63.443223674008436,0.0,False,False,nan,False
104,-0.29981765,0.6306802,0.18092147,-0.5228626,-0.17599973,0.10810546,False,False,2,25,False,48,48,0,2.0235811636875214,65.46680483769596,2.0235811636875214,65.46680483769596,0.0,False,False,nan,False
105,-0.2980012,0.6193567,0.17703196,-0.5027242,-0.17137593,0.09247609,False,False,2,25,True,49,49,0,3.2918121955863855,68.75861703328235,3.2918121955863855,68.75861703328235,0.0,False,False,nan,False
106,-0.29614848,0.6083229,0.18095341,-0.4898969,-0.16705434,0.086431794,False,False,2,25,False,49,49,0,2.27962659190423,71.03824362518658,2.27962659190423,71.03824362518658,0.0,False,False,nan,False
107,-0.29407606,0.5979256,0.20255561,-0.46158454,-0.1623642,0.093802676,False,False,2,25,True,50,50,0,3.011588283751263,74.04983190893785,3.011588283751263,74.04983190893785,0.0,False,False,nan,False
108,-0.29200357,0.58692855,0.20255513,-0.48825306,-0.15767407,0.0938025,False,False,0,25,False,50,50,0,-0.9063035370616319,73.14352837187622,-0.9063035370616319,73.14352837187622,0.0,False,False,nan,False
109,-0.28993112,0.57533187,0.2025547,-0.51492155,-0.15298396,0.09380237,False,False,0,25,True,51,51,0,-0.8739612000830448,72.26956717179317,-0.8739612000830448,72.26956717179317,0.0,False,False,nan,False
110,-0.2878546,0.5643363,0.20349321,-0.48826832,-0.14883946,0.082890265,False,False,2,25,False,51,51,0,3.6243476556984264,75.8939148274916,3.6243476556984264,75.8939148274916,0.0,False,False,nan,False
111,-0.28579736,0.5538165,0.20215587,-0.4671911,-0.14527367,0.07131575,False,False,2,25,True,52,52,0,3.0787958597565934,78.9727106872482,3.0787958597565934,78.9727106872482,0.0,False,False,nan,False
112,-0.2838344,0.5427227,0.19028404,-0.49248773,-0.13928045,0.119864084,False,False,1,25,False,52,52,0,-0.24744878740244644,78.72526189984575,-0.24744878740244644,78.72526189984575,0.0,False,False,nan,False
113,-0.28194362,0.5310419,0.18121968,-0.5184289,-0.13145156,0.15657793,False,False,1,25,True,53,53,0,-0.24753949696608288,78.47772240287966,-0.24753949696608288,78.47772240287966,0.0,False,False,nan,False
114,-0.27997765,0.5187493,0.19065373,-0.54582703,-0.12553184,0.11839485,False,False,3,25,False,53,53,0,-1.1591468935918943,77.31857550928777,-1.1591468935918943,77.31857550928777,0.0,False,False,nan,False
115,-0.27791578,0.50584155,0.20268317,-0.57339174,-0.122044586,0.06974482,False,False,3,25,True,54,54,0,-1.4484489116643988,75.87012659762337,-1.4484489116643988,75.87012659762337,0.0,False,False,nan,False
116,-0.2758507,0.49338764,0.20338106,-0.5532533,-0.11893783,0.06213513,False,False,2,25,False,54,54,0,3.0709074530348746,78.94103405065825,3.0709074530348746,78.94103405065825,0.0,False,False,nan,False
117,-0.27381498,0.4810878,0.20086372,-0.5464474,-0.11624096,0.053937323,False,False,2,25,True,55,55,0,1.8666547135865528,80.8076887642448,1.8666547135865528,80.8076887642448,0.0,False,False,nan,False
118,-0.27149457,0.46966282,0.2285398,-0.5075093,-0.11276387,0.069542095,False,False,2,25,False,55,55,0,3.7143731859196523,84.52206195016446,3.7143731859196523,84.52206195016446,0.0,False,False,nan,False
119,-0.2691055,0.45874438,0.23547618,-0.48500583,-0.109354556,0.068186276,False,False,2,25,True,56,56,0,2.8492972624201345,87.3713592125846,2.8492972624201345,87.3713592125846,0.0,False,False,nan,False
120,-0.26677713,0.44724348,0.22782815,-0.51079375,-0.10438648,0.099361554,False,False,1,25,False,56,56,0,-0.44000474657596444,86.93135446600863,-0.44000474657596444,86.93135446600863,0.0,False,False,nan,False
121,-0.26452842,0.43516076,0.21781826,-0.53653324,-0.09738818,0.13996604,False,False,1,25,True,57,57,0,-0.1553067499125251,86.7760477160961,-0.1553067499125251,86.7760477160961,0.0,False,False,nan,False
122,-0.26218548,0.4224664,0.22964239,-0.56389886,-0.09277222,0.09231918,False,False,3,25,False,57,57,0,-1.3444697011772024,85.4315780149189,-1.3444697011772024,85.4315780149189,0.0,False,False,nan,False
123,-0.2597595,0.40916777,0.2400446,-0.5908933,-0.09024187,0.050607152,False,False,3,25,True,58,58,0,-1.4140615211822183,84.01751649373668,-1.4140615211822183,84.01751649373668,0.0,False,False,nan,False
124,-0.257346,0.39651906,0.2392036,-0.5620393,-0.08811559,0.04252569,False,False,2,25,False,58,58,0,3.804028445462632,87.82154493919931,3.804028445462632,87.82154493919931,0.0,False,False,nan,False
125,-0.25471893,0.38465738,0.2599483,-0.5270237,-0.08538147,0.054682355,False,False,2,25,True,59,59,0,3.4273612537333067,91.24890619293262,3.4273612537333067,91.24890619293262,0.0,False,False,nan,False
126,-0.25189662,0.37359023,0.2789296,-0.49168816,-0.08211425,0.065344535,False,False,2,25,False,59,59,0,3.338714925907209,94.58762111883983,3.338714925907209,94.58762111883983,0.0,False,False,nan,False
127,-0.24908495,0.36315787,0.27823466,-0.46350622,-0.07920736,0.058137726,False,False,2,25,True,60,60,0,3.4806257749347482,98.06824689377459,3.4806257749347482,98.06824689377459,0.0,False,False,nan,False
128,-0.24635935,0.3521372,0.2674202,-0.4895438,-0.07412274,0.10169239,False,False,1,25,False,60,60,0,-0.18231692023118626,97.8859299735434,-0.18231692023118626,97.8859299735434,0.0,False,False,nan,False
129,-0.24372163,0.3405304,0.25638926,-0.51550895,-0.066815466,0.14614534,False,False,1,50,True,61,61,0,0.00815210410775194,97.89408207765115,0.00815210410775194,97.89408207765115,0.0,False,False,nan,False
130,-0.24100332,0.32830805,0.26650935,-0.54299015,-0.06155094,0.10529059,False,False,3,50,True,62,62,0,-1.2664803549408237,96.62760172271032,-1.2664803549408237,96.62760172271032,0.0,False,False,nan,False
131,-0.23807292,0.31647864,0.28691465,-0.52551025,-0.05549586,0.12110162,False,False,2,50,True,63,63,0,2.043324421674609,98.67092614438494,2.043324421674609,98.67092614438494,0.0,False,False,nan,False
132,-0.2351315,0.30501553,0.28813592,-0.5092606,-0.04955443,0.11882869,False,False,2,50,True,64,64,0,2.7453554944692202,101.41628163885416,2.7453554944692202,101.41628163885416,0.0,False,False,nan,False
133,-0.23204955,0.29442838,0.30174989,-0.47034198,-0.04318931,0.12730235,False,False,2,50,True,65,65,0,3.9917551736607466,105.40803681251491,3.9917551736607466,105.40803681251491,0.0,False,False,nan,False
134,-0.22896767,0.28324172,0.30174965,-0.49701208,-0.036824204,0.12730199,False,False,0,50,True,66,66,0,-0.559497689368186,104.84853912314672,-0.559497689368186,104.84853912314672,0.0,False,False,nan,False
135,-0.22587109,0.2725382,0.30326787,-0.47556874,-0.030513955,0.12620512,False,False,2,50,True,67,67,0,3.0959289670059436,107.94446809015267,3.0959289670059436,107.94446809015267,0.0,False,False,nan,False
136,-0.2226326,0.26214683,0.31688428,-0.4617157,-0.02363324,0.13761424,False,False,2,50,True,68,68,0,1.7962158377635091,109.74068392791618,1.7962158377635091,109.74068392791618,0.0,False,False,nan,False
137,-0.21933337,0.2511625,0.32449013,-0.48811626,-0.018272884,0.10720716,False,False,3,50,True,69,69,0,-1.0598399931226925,108.68084393479349,-1.0598399931226925,108.68084393479349,0.0,False,False,nan,False
138,-0.2161468,0.24108297,0.31383884,-0.44792727,-0.01351725,0.09511269,False,False,2,50,True,70,70,0,5.061754819669969,113.74259875446346,5.061754819669969,113.74259875446346,0.0,False,False,nan,False
139,-0.21298918,0.2316001,0.31112653,-0.42142597,-0.008944946,0.09144601,False,False,2,50,True,71,71,0,3.3815099973441223,117.12410875180758,3.3815099973441223,117.12410875180758,0.0,False,False,nan,False
140,-0.20983163,0.2215175,0.31112653,-0.4480944,-0.0043726456,0.09144591,False,False,0,50,True,72,72,0,-0.7586998848922804,116.3654088669153,-0.7586998848922804,116.3654088669153,0.0,False,False,nan,False
141,-0.20655832,0.21208864,0.32217044,-0.4190543,0.00071799953,0.10181298,False,False,2,50,True,73,73,0,2.6655766156973586,119.03098548261266,2.6655766156973586,119.03098548261266,0.0,False,False,nan,False
142,-0.20326725,0.20293616,0.32386547,-0.40678987,0.00589324,0.103504755,False,False,2,50,True,74,74,0,0.9264580911044902,119.95744357371716,0.9264580911044902,119.95744357371716,0.0,False,False,nan,False
143,-0.19996318,0.19426961,0.3250823,-0.38521236,0.011148588,0.10510705,False,False,2,50,True,75,75,0,1.6097636834896718,121.56720725720683,1.6097636834896718,121.56720725720683,0.0,False,False,nan,False
144,-0.19665965,0.18614016,0.3249908,-0.3613568,0.016440941,0.1058469,False,False,2,50,True,76,76,0,1.7767705119416888,123.34397776914852,1.7767705119416888,123.34397776914852,0.0,False,False,nan,False
145,-0.19333954,0.17823572,0.3265254,-0.35137734,0.021851819,0.10821776,False,False,2,50,True,77,77,0,0.5741511388807197,123.91812890802925,0.5741511388807197,123.91812890802925,0.0,False,False,nan,False
146,-0.19006662,0.1706611,0.3219667,-0.33673733,0.027107691,0.10511756,False,False,2,50,True,78,78,0,1.3043076344010955,125.22243654243034,1.3043076344010955,125.22243654243034,0.0,False,False,nan,False
147,-0.1867694,0.16401465,0.32415405,-0.29551017,0.032604083,0.10992775,False,False,2,50,True,79,79,0,2.563689233911359,127.7861257763417,2.563689233911359,127.7861257763417,0.0,False,False,nan,False
148,-0.18337698,0.15677777,0.33610696,-0.32171115,0.0357023,0.061964087,False,False,3,50,True,80,80,0,-2.271748878743408,125.5143768975983,-2.271748878743408,125.5143768975983,0.0,False,False,nan,False
149,-0.18001194,0.14977986,0.33340588,-0.3110959,0.038766727,0.061288714,False,False,2,50,True,81,81,0,1.027424659368873,126.54180155696717,1.027424659368873,126.54180155696717,0.0,False,False,nan,False
150,-0.17684202,0.14278036,0.3147325,-0.3111482,0.04100157,0.04469679,False,False,2,50,True,82,82,0,1.5086852616128084,128.05048681857997,1.5086852616128084,128.05048681857997,0.0,False,False,nan,False
151,-0.17359523,0.13642417,0.32189357,-0.28257784,0.043748587,0.054940306,False,False,2,50,True,83,83,0,1.4995743498715484,129.55006116845152,1.4995743498715484,129.55006116845152,0.0,False,False,nan,False
152,-0.17021331,0.13079554,0.33460093,-0.25026917,0.047299452,0.07101709,False,False,2,50,True,84,84,0,1.0059780679013641,130.5560392363529,1.0059780679013641,130.5560392363529,0.0,False,False,nan,False
153,-0.1668047,0.12556194,0.3370045,-0.23273206,0.051119186,0.076394595,False,False,2,50,True,85,85,0,0.7348088699024629,131.29084810625534,0.7348088699024629,131.29084810625534,0.0,False,False,nan,False
154,-0.1634204,0.12077688,0.33450964,-0.21280892,0.054991666,0.077449575,False,False,2,50,True,86,86,0,1.1792657514806961,132.47011385773604,1.1792657514806961,132.47011385773604,0.0,False,False,nan,False
155,-0.16003618,0.11539193,0.3345097,-0.23947686,0.058864146,0.0774495,False,False,0,50,True,87,87,0,-1.2894237354717575,131.18069012226428,-1.2894237354717575,131.18069012226428,0.0,False,False,nan,False
156,-0.156738,0.110963926,0.32601488,-0.19695546,0.06262207,0.07515849,False,False,2,50,True,88,88,0,2.9005037992357616,134.08119392150005,2.9005037992357616,134.08119392150005,0.0,False,False,nan,False
157,-0.15343991,0.105936036,0.32601497,-0.22362332,0.066379994,0.075158425,False,False,0,50,True,89,89,0,-1.2623236757856233,132.81887024571444,-1.2623236757856233,132.81887024571444,0.0,False,False,nan,False
158,-0.15038662,0.10184184,0.30235445,-0.18210231,0.06932267,0.05885344,False,False,2,50,True,90,90,0,4.126983519563997,136.94585376527843,4.126983519563997,136.94585376527843,0.0,False,False,nan,False
159,-0.14733334,0.09714769,0.3023545,-0.20876966,0.07226534,0.05885344,False,False,0,50,True,91,91,0,-1.2265245851018705,135.71932918017654,-1.2265245851018705,135.71932918017654,0.0,False,False,nan,False
160,-0.14445353,0.092635356,0.28564826,-0.20066215,0.07458294,0.046351675,False,False,2,50,True,92,92,0,1.7899434233636569,137.5092726035402,1.7899434233636569,137.5092726035402,0.0,False,False,nan,False
161,-0.14158812,0.08827101,0.28408924,-0.19409387,0.07700558,0.048452765,False,False,2,50,True,93,93,0,0.43539760905508446,137.9446702125953,0.43539760905508446,137.9446702125953,0.0,False,False,nan,False
162,-0.1387227,0.083306774,0.28408927,-0.22076105,0.07942822,0.048452724,False,False,0,50,True,94,94,0,-1.3105283229278442,136.63414188966746,-1.3105283229278442,136.63414188966746,0.0,False,False,nan,False
163,-0.13576241,0.07861742,0.2929268,-0.20858456,0.08250264,0.061488576,False,False,2,50,True,95,95,0,-0.09635479145447617,136.537787098213,-0.09635479145447617,136.537787098213,0.0,False,False,nan,False
164,-0.13280812,0.07459682,0.29202875,-0.17888397,0.085872084,0.06738879,False,False,2,50,True,96,96,0,1.5328790652060504,138.07066616341905,1.5328790652060504,138.07066616341905,0.0,False,False,nan,False
165,-0.12978849,0.06997548,0.3002078,-0.20549518,0.08760788,0.03471597,False,False,3,50,True,97,97,0,-1.8503363143585065,136.22032984906053,-1.8503363143585065,136.22032984906053,0.0,False,False,nan,False
166,-0.12667838,0.0660719,0.30848444,-0.1736461,0.09011649,0.050172396,False,False,2,50,True,98,98,0,0.8872088750296043,137.10753872409015,0.8872088750296043,137.10753872409015,0.0,False,False,nan,False
167,-0.12356825,0.061568294,0.3084845,-0.2003133,0.09262511,0.05017238,False,False,0,50,True,99,99,0,-1.1507853197687865,135.95675340432138,-1.1507853197687865,135.95675340432138,0.0,False,False,nan,False
168,-0.120503426,0.05739878,0.30388892,-0.18547413,0.09519144,0.051326536,False,False,2,50,True,100,100,0,1.0812218794323598,137.03797528375372,1.0812218794323598,137.03797528375372,0.0,False,False,nan,False
169,-0.11745443,0.053916346,0.30201352,-0.15496203,0.09806311,0.057433188,False,False,2,50,True,101,101,0,1.493533545585035,138.53150882933875,1.493533545585035,138.53150882933875,0.0,False,False,nan,False
170,-0.11440535,0.049834024,0.3020136,-0.18162939,0.10093476,0.05743314,False,False,0,50,True,102,102,0,-1.1394910718749784,137.39201775746378,-1.1394910718749784,137.39201775746378,0.0,False,False,nan,False
171,-0.111356355,0.045151815,0.30201373,-0.20829675,0.10380642,0.05743313,False,False,0,50,True,103,103,0,-1.2702085732765127,136.12180918418727,-1.2702085732765127,136.12180918418727,0.0,False,False,nan,False
172,-0.1082057,0.041013345,0.31132588,-0.18419519,0.10751037,0.07407887,False,False,2,50,True,104,104,0,0.28847350333297045,136.41028268752024,0.28847350333297045,136.41028268752024,0.0,False,False,nan,False
173,-0.104982376,0.036291655,0.32047448,-0.20999104,0.10935744,0.036941223,False,False,3,50,True,105,105,0,-1.891851712922956,134.5184309745973,-1.891851712922956,134.5184309745973,0.0,False,False,nan,False
174,-0.10174818,0.03195041,0.32118186,-0.19310822,0.11158476,0.04454634,False,False,2,50,True,106,106,0,0.7584605542792928,135.27689152887658,0.7584605542792928,135.27689152887658,0.0,False,False,nan,False
175,-0.09853144,0.028003344,0.31916776,-0.17561273,0.11407316,0.04976775,False,False,2,50,True,107,107,0,0.9198517647634687,136.19674329364005,0.9198517647634687,136.19674329364005,0.0,False,False,nan,False
176,-0.09539032,0.024819026,0.31147784,-0.14172964,0.11669296,0.05239605,False,False,2,50,True,108,108,0,2.033131331426387,138.22987462506643,2.033131331426387,138.22987462506643,0.0,False,False,nan,False
177,-0.0922492,0.021034822,0.31147796,-0.16839688,0.11931276,0.052396037,False,False,0,50,True,109,109,0,-1.054820502475728,137.1750541225907,-1.054820502475728,137.1750541225907,0.0,False,False,nan,False
178,-0.08910799,0.016650662,0.31147805,-0.1950641,0.12193256,0.05239599,False,False,0,50,True,110,110,0,-1.2085097817179502,135.96654434087276,-1.2085097817179502,135.96654434087276,0.0,False,False,nan,False
179,-0.085933015,0.012854014,0.31426743,-0.16900659,0.12515363,0.064421155,False,False,2,50,True,111,111,0,0.822751682935501,136.78929602380825,0.822751682935501,136.78929602380825,0.0,False,False,nan,False
180,-0.0829072,0.00905926,0.32038084,-0.16728324,0.107402414,-0.35511675,False,True,3,50,True,112,112,0,11.634467578645692,148.42376360245393,11.634467578645692,148.42376360245393,0.0,False,False,0.16728324,True
181,-0.08031845,0.0062931515,0.29392916,-0.12096771,0.07216468,-0.7053959,False,True,2,50,True,113,112,1,7.864984588393146,156.2887481908471,7.864984588393146,156.2887481908471,0.0,False,False,nan,True
182,-0.07773085,0.0046199895,0.30005494,-0.07290237,0.03125887,-0.81821907,False,True,2,50,True,114,112,2,4.966644730410725,161.25539292125782,4.966644730410725,161.25539292125782,0.0,False,False,nan,True
183,-0.07520723,0.0023051715,0.28952962,-0.10250928,-0.005429268,-0.7337637,False,True,1,50,True,115,112,3,2.979840221086954,164.23523314234478,2.979840221086954,164.23523314234478,0.0,False,False,nan,True
184,-0.072748184,-0.0005976939,0.28140685,-0.12951747,-0.040487427,-0.7011638,True,False,1,50,True,116,112,4,-3.550684131342939,160.68454901100185,-3.550684131342939,160.68454901100185,0.0,False,False,nan,True
185,-0.07029734,-0.0033552193,0.26211226,-0.123657085,-0.05542291,-0.29626292,True,False,1,50,True,117,112,5,0.7102286271862479,161.3947776381881,0.7102286271862479,161.3947776381881,0.0,False,False,nan,True
186,-0.067781165,-0.0060737636,0.245699,-0.12061968,-0.04954917,0.117497206,True,False,1,1,True,118,112,6,2.4005490140260632,163.79532665221416,2.4005490140260632,163.79532665221416,0.0,False,False,nan,True
187,-0.06537142,-0.008249893,0.23589316,-0.09656429,-0.04451856,0.10061258,True,True,0,1,False,118,112,6,12.601070962793436,176.3963976150076,12.601070962793436,176.3963976150076,0.0,False,False,nan,True
188,-0.06307487,-0.009898415,0.22543304,-0.073150836,-0.040346548,0.08344053,True,True,0,1,False,118,112,6,2.4103287958015827,178.80672641080918,2.4103287958015827,178.80672641080918,0.0,False,False,nan,True
189,-0.060890485,-0.011028733,0.21505606,-0.050152324,-0.03700703,0.06679064,True,True,0,1,False,118,112,6,2.1483024428226933,180.95502885363186,2.1483024428226933,180.95502885363186,0.0,False,False,nan,True
190,-0.058817577,-0.0116472505,0.2047343,-0.027430104,-0.03448022,0.050536387,True,True,0,1,False,118,112,6,1.8711207872204731,182.82614964085232,1.8711207872204731,182.82614964085232,0.0,False,False,nan,True
191,-0.05685568,-0.0117573645,0.19444266,-0.0048591318,-0.032752182,0.034561135,True,True,0,1,False,118,112,6,1.5689404264168623,184.3950900672692,1.5689404264168623,184.3950900672692,0.0,False,False,nan,True
192,-0.055004597,-0.011360004,0.18415752,0.017678225,-0.031814486,0.018754069,True,True,0,1,False,118,112,6,1.2330182477826526,185.62810831505186,1.2330182477826526,185.62810831505186,0.0,False,False,nan,True
193,-0.05326376,-0.010469439,0.17400394,0.03958105,-0.031737693,0.0015349834,True,True,0,1,False,118,112,6,0.8514400753621523,186.479548390414,0.8514400753621523,186.479548390414,0.0,False,False,nan,True
194,-0.05161972,-0.009174397,0.16464074,0.057554204,-0.031971503,-0.004680614,True,True,0,1,False,118,112,6,0.5658820447810875,187.0454304351951,0.5658820447810875,187.0454304351951,0.0,False,False,nan,True
195,-0.050055027,-0.00761446,0.15654013,0.06933177,-0.032035828,-0.0012946653,True,True,0,1,False,118,112,6,0.49374462546311193,187.5391750606582,0.49374462546311193,187.5391750606582,0.0,False,False,nan,True
196,-0.04855318,-0.005951705,0.149921,0.073911384,-0.03178573,0.004991767,True,True,0,1,False,118,112,6,0.6020765810417821,188.1412516417,0.6020765810417821,188.1412516417,0.0,False,False,nan,True
197,-0.047101118,-0.004341736,0.14473495,0.071571685,-0.031338375,0.008936646,True,True,0,1,False,118,112,6,0.7749106936174073,188.9161623353174,0.7749106936174073,188.9161623353174,0.0,False,False,nan,True
198,-0.045606613,-0.0031741166,0.14299536,0.052022234,-0.024978003,0.12718385,True,True,0,1,False,118,112,6,1.7244180582747113,190.64058039359213,1.7244180582747113,190.64058039359213,0.0,False,False,nan,True
199,-0.04413824,-0.0024229193,0.14112239,0.033474978,-0.019337615,0.11279912,True,True,0,1,False,118,112,6,1.427868607623548,192.06844900121567,1.427868607623548,192.06844900121567,0.0,False,False,nan,True
200,-0.042718984,-0.002038684,0.13892688,0.017113037,-0.016380265,0.059147865,True,True,0,1,False,118,112,6,0.9455820241956481,193.01403102541133,0.9455820241956481,193.01403102541133,0.0,False,False,nan,True
201,-0.04135094,-0.0019308233,0.13587946,0.004799631,-0.015459871,0.018416785,True,True,0,1,False,118,112,6,0.6304707283373645,193.6445017537487,0.6304707283373645,193.6445017537487,0.0,False,False,nan,True
202,-0.04003668,-0.0019637966,0.13155523,-0.0014694943,-0.015580239,-0.0023945076,True,True,0,1,False,118,112,6,0.5591579682149153,194.20365972196362,0.5591579682149153,194.20365972196362,0.0,False,False,nan,True
203,-0.03877888,-0.0020007396,0.12594166,-0.0016456464,-0.015729813,-0.0029780765,True,True,0,1,False,118,112,6,0.6715791091148873,194.8752388310785,0.6715791091148873,194.8752388310785,0.0,False,False,nan,True
204,-0.037579536,-0.0019370461,0.11934197,0.0028315706,-0.015135971,0.011887532,True,True,0,1,False,118,112,6,0.8371736175907287,195.71241244866923,0.8371736175907287,195.71241244866923,0.0,False,False,nan,True
205,-0.036439706,-0.0017182135,0.112225905,0.009738887,-0.013394667,0.034832176,True,True,0,1,False,118,112,6,0.9618418923964782,196.6742543410657,0.9618418923964782,196.6742543410657,0.0,False,False,nan,True
206,-0.035359383,-0.0013408804,0.10507636,0.016792955,-0.010477818,0.058338296,True,True,0,1,False,118,112,6,1.025012218565994,197.6992665596317,1.025012218565994,197.6992665596317,0.0,False,False,nan,True
207,-0.0343379,-0.0008414888,0.0982695,0.022218818,-0.0066495514,0.076563224,True,True,0,1,False,118,112,6,1.052461151427707,198.7517277110594,1.052461151427707,198.7517277110594,0.0,False,False,nan,True
208,-0.033374023,-0.0002778673,0.092007585,0.02506425,-0.002333336,0.08631992,True,True,0,1,False,118,112,6,1.0678852426488987,199.81961295370832,1.0678852426488987,199.81961295370832,0.0,False,False,nan,True
209,-0.032458685,-0.00023209096,0.091171674,0.0020354064,-0.001977312,0.007120751,True,True,0,1,False,118,112,6,0.5437726553638154,200.36338560907214,0.5437726553638154,200.36338560907214,0.0,False,False,nan,True
210,-0.03159847,-0.00023523807,0.0860226,-0.00013973983,-0.0019791713,-3.5895944e-05,True,True,0,1,False,118,112,6,0.6029985274893317,200.96638413656146,0.6029985274893317,200.96638413656146,0.0,False,False,nan,True
211,-0.030795097,-0.0002355957,0.0803393,-1.5843549e-05,-0.0019793757,-4.0499262e-06,True,True,0,1,False,118,112,6,0.6486560060348374,201.61504014259629,0.6486560060348374,201.61504014259629,0.0,False,False,nan,True
212,-0.030048275,-0.0002355957,0.07467891,7.280621e-07,-0.0019793673,2.0568787e-07,True,True,0,1,False,118,112,6,0.6407194793591628,202.25575962195546,0.6407194793591628,202.25575962195546,0.0,False,False,nan,True
213,-0.0293581,-0.0002355957,0.069022074,1.2246988e-07,-0.0019793606,7.225144e-08,True,True,0,1,False,118,112,6,0.6347003524051757,202.89045997436062,0.6347003524051757,202.89045997436062,0.0,False,False,nan,True
214,-0.02872448,-0.0002355957,0.06336533,-3.9647052e-08,-0.001979358,-3.989167e-08,True,True,0,1,False,118,112,6,0.6290340014923341,203.51949397585295,0.6290340014923341,203.51949397585295,0.0,False,False,nan,True
215,-0.02814741,-0.0002355957,0.057708513,-3.9478888e-08,-0.0019793562,-3.839382e-08,True,True,0,1,False,118,112,6,0.6233870920148501,204.1428810678678,0.6233870920148501,204.1428810678678,0.0,False,False,nan,True
216,-0.027626896,-0.0002355957,0.052051656,-3.6839158e-08,-0.0019793531,-3.2085683e-08,True,True,0,1,False,118,112,6,0.6177356191467318,204.76061668701453,0.6177356191467318,204.76061668701453,0.0,False,False,nan,True
217,-0.027162934,-0.0002355957,0.046394803,-3.1478887e-08,-0.0019793513,-5.7867776e-08,True,True,0,1,False,118,112,6,0.6120800578261711,205.3726967448407,0.6120800578261711,205.3726967448407,0.0,False,False,nan,True
218,-0.026755523,-0.0002355957,0.04073795,-2.5035025e-08,-0.0019793496,-6.199874e-08,True,True,0,1,False,118,112,6,0.6064249059172138,205.97912165075792,0.6064249059172138,205.97912165075792,0.0,False,False,nan,True
219,-0.026404668,-0.0002355957,0.035081096,-1.8333917e-08,-0.0019793515,-1.1275025e-07,True,True,0,1,False,118,112,6,0.6007694454494761,206.5798910962074,0.6007694454494761,206.5798910962074,0.0,False,False,nan,True
220,-0.02611046,-0.0002355957,0.029424245,-1.1362865e-08,-0.001979352,-1.2295854e-07,True,True,0,1,False,118,112,6,0.5951049536798383,207.17499604988726,0.5951049536798383,207.17499604988726,0.0,False,False,nan,True
221,-0.025872802,-0.0002355957,0.02376739,-8.193979e-09,-0.0019793538,-1.16571016e-07,True,True,0,1,False,118,112,6,0.5894498822675498,207.7644459321548,0.5894498822675498,207.7644459321548,0.0,False,False,nan,True
222,-0.0256917,-0.0002355957,0.018110534,-4.7718154e-09,-0.0019793536,-8.866734e-08,True,True,0,1,False,118,112,6,0.5837950233073279,208.34824095546213,0.5837950233073279,208.34824095546213,0.0,False,False,nan,True
223,-0.02556715,-0.0002355957,0.01245368,-9.120239e-10,-0.001979353,-6.060434e-08,True,True,0,1,False,118,112,6,0.578140011061274,208.9263809665234,0.578140011061274,208.9263809665234,0.0,False,False,nan,True
224,-0.025499154,-0.0002355957,0.0067968247,2.9478915e-09,-0.001979349,-1.5273818e-08,True,True,0,1,False,118,112,6,0.5724852850810702,209.49886625160445,0.5724852850810702,209.49886625160445,0.0,False,False,nan,True
225,-0.02548771,-0.0002355957,0.0011399693,4.771622e-09,-0.0019793417,4.9484736e-08,True,True,0,1,False,118,112,6,0.5668306374271808,210.06569688903164,0.5668306374271808,210.06569688903164,0.0,False,False,nan,True
226,-0.0255023,-0.0002355957,-0.0014830129,-7.1269267e-07,-0.0019564785,0.00044514542,True,True,0,1,False,118,112,6,-0.033477103800684915,210.03221978523095,-0.033477103800684915,210.03221978523095,0.0,False,False,nan,True
227,-0.025515556,-0.0002355957,-0.0013464313,-6.5947313e-07,-0.0019357216,0.00040411187,True,True,0,1,False,118,112,6,0.014408297603168307,210.0466280828341,0.014408297603168307,210.0466280828341,0.0,False,False,nan,True
228,-0.025519466,-0.0002355957,-0.00039656312,-1.9840293e-07,-0.0019295934,0.00011902221,True,True,0,1,False,118,112,6,0.09520866200809408,210.1418367448422,0.09520866200809408,210.1418367448422,0.0,False,False,nan,True
229,-0.025517654,-0.0002355957,0.00018133785,9.291431e-08,-0.001932389,-5.4433494e-05,True,True,0,1,False,118,112,6,0.02142416032214456,210.16326090516435,0.02142416032214456,210.16326090516435,0.0,False,False,nan,True
230,-0.02551527,-0.0002355957,0.00024884177,1.2483042e-07,-0.0019362243,-7.4691474e-05,True,True,0,1,False,118,112,6,-0.006895513941806541,210.15636539122255,-0.006895513941806541,210.15636539122255,0.0,False,False,nan,True
231,-0.02551422,-0.0002355957,0.00010368823,5.1742123e-08,-0.0019378233,-3.1120042e-05,True,True,0,1,False,118,112,6,0.014460357766690635,210.17082574898924,0.014460357766690635,210.17082574898924,0.0,False,False,nan,True
232,-0.025514316,-0.0002355957,-1.35874525e-05,-5.4452984e-09,-0.0019376283,4.0865452e-06,True,True,0,1,False,118,112,6,0.00902004204045781,210.1798457910297,0.00902004204045781,210.1798457910297,0.0,False,False,nan,True
233,-0.025514698,-0.0002355957,-4.289146e-05,-2.2486256e-08,-0.0019369711,1.2878945e-05,True,True,0,1,False,118,112,6,-0.0029028303289457824,210.17694296070076,-0.0029028303289457824,210.17694296070076,0.0,False,False,nan,True
234,-0.02551489,-0.0002355957,-2.3663943e-05,-9.975622e-09,-0.0019366118,7.10943e-06,True,True,0,1,False,118,112,6,0.0019396054548188602,210.17888256615558,0.0019396054548188602,210.17888256615558,0.0,False,False,nan,True
235,-0.02551489,-0.0002355957,-1.4596768e-06,-2.9118183e-10,-0.0019365898,4.907083e-07,True,True,0,1,False,118,112,6,0.0022226269611493876,210.18110519311674,0.0022226269611493876,210.18110519311674,0.0,False,False,nan,True
236,-0.025514793,-0.0002355957,6.799294e-06,4.080251e-09,-0.0019366974,-2.0587313e-06,True,True,0,1,True,119,112,7,-0.0005351823150725465,210.18057001080166,-0.0005351823150725465,210.18057001080166,0.0,False,False,nan,True
237,-0.025514698,-0.0002355957,4.9390637e-06,3.0166964e-09,-0.0019367837,-1.516544e-06,True,True,0,1,False,119,112,7,0.00018693305385752979,210.18075694385553,0.00018693305385752979,210.18075694385553,0.0,False,False,nan,True
238,-0.025514698,-0.0002355957,1.0174399e-06,5.2268234e-10,-0.0019367904,-3.4082635e-07,True,True,0,1,False,119,112,7,0.000391487252755951,210.18114843110828,0.000391487252755951,210.18114843110828,0.0,False,False,nan,True
239,-0.025514698,-0.0002355957,-9.604053e-07,-5.131524e-10,-0.0019367834,3.4859445e-07,True,True,0,1,False,119,112,7,6.401951111456583e-06,210.1811548330594,6.401951111456583e-06,210.1811548330594,0.0,False,False,nan,True
240,-0.025514698,-0.0002355957,-9.719348e-07,-9.524488e-10,-0.0019367608,3.5258202e-07,True,True,0,1,False,119,112,7,1.1054760413742315e-06,210.18115593853543,1.1054760413742315e-06,210.18115593853543,0.0,False,False,nan,True
241,-0.025514698,-0.0002355957,-3.289822e-07,5.6761353e-11,-0.0019367688,5.064266e-08,True,True,0,1,False,119,112,7,6.350368109764304e-05,210.18121944221653,6.350368109764304e-05,210.18121944221653,0.0,False,False,nan,True
242,-0.025514698,-0.0002355957,1.108265e-07,-2.661665e-10,-0.0019367696,-8.80599e-08,True,True,0,1,False,119,112,7,2.173404745420271e-05,210.181241176264,2.173404745420271e-05,210.181241176264,0.0,False,False,nan,True
243,-0.025514698,-0.0002355957,1.8141729e-07,1.2666944e-10,-0.0019367784,-8.3646135e-08,True,True,0,1,False,119,112,7,-7.94380841284692e-06,210.18123323245558,-7.94380841284692e-06,210.18123323245558,0.0,False,False,nan,True
244,-0.025514698,-0.0002355957,9.248893e-08,-1.0363663e-10,-0.0019367863,-8.112687e-08,True,True,0,1,False,119,112,7,8.101210688948868e-06,210.18124133366626,8.101210688948868e-06,210.18124133366626,0.0,False,False,nan,True
245,-0.025514698,-0.0002355957,1.0012301e-08,7.47931e-10,-0.0019367915,-4.222988e-08,True,True,0,1,False,119,112,7,7.732651816638736e-06,210.1812490663181,7.732651816638736e-06,210.1812490663181,0.0,False,False,nan,True
246,-0.025514698,-0.0002355957,-4.2769408e-08,3.2643194e-10,-0.0019367913,9.3528136e-08,True,True,0,1,False,119,112,7,-3.2614038687484026e-06,210.18124580491423,-3.2614038687484026e-06,210.18124580491423,0.0,False,False,nan,True
247,-0.025514698,-0.0002355957,-5.073472e-08,-1.1238976e-10,-0.0019367908,8.76458e-08,True,True,0,1,False,119,112,7,-7.382114155518593e-07,210.18124506670281,-7.382114155518593e-07,210.18124506670281,0.0,False,False,nan,True
248,-0.025514698,-0.0002355957,-4.0300034e-08,4.30145e-13,-0.0019367904,9.685736e-08,True,True,0,1,False,119,112,7,1.078405432508589e-06,210.18124614510825,1.078405432508589e-06,210.18124614510825,0.0,False,False,nan,True
249,-0.025514698,-0.0002355957,0.0,0.0,-0.0019367917,0.0,True,True,0,1,False,119,112,7,100,310.1812461451083,100,310.1812461451083,0.0,True,False,nan,True
