step,x,y,vx,vy,angle,angular_velocity,left_leg_contact,right_leg_contact,navigation_action,current_fps,fresh_observation,n_fresh_observations,n_fresh_observations_before_touchdown,n_fresh_observations_after_touchdown,instant_nav_reward,cumulative_nav_reward,instant_adaptive_reward,cumulative_adaptive_reward,instant_frame_penalty,terminated,truncated,vy_at_touchdown,success
1,0.014250469,1.405668,0.71458757,-0.12950583,-0.014365509,-0.12138611,False,False,1,50,True,2,2,0,0.3487765285853197,0.3487765285853197,0.3487765285853197,0.3487765285853197,0.0,False,False,nan,False
2,0.021271324,1.4021537,0.7065954,-0.1562457,-0.018824635,-0.089190744,False,False,1,50,True,3,3,0,0.1230007875384456,0.4717773161237653,0.1230007875384456,0.4717773161237653,0.0,False,False,nan,False
3,0.028217603,1.3980315,0.69723904,-0.18324263,-0.0214072,-0.05165596,False,False,1,50,True,4,4,0,0.3864282634640983,0.8582055795878636,0.3864282634640983,0.8582055795878636,0.0,False,False,nan,False
4,0.035072137,1.3933198,0.68572253,-0.20940907,-0.02167533,-0.005363059,False,False,1,50,True,5,5,0,0.791795657161914,1.6500012367497776,0.791795657161914,1.6500012367497776,0.0,False,False,nan,False
5,0.04185667,1.3880215,0.6769369,-0.2354593,-0.020177823,0.02995286,False,False,1,50,True,6,6,0,0.6573428758853777,2.307344112635155,0.6573428758853777,2.307344112635155,0.0,False,False,nan,False
6,0.04855175,1.3821335,0.66572624,-0.2616459,-0.016430564,0.07495192,False,False,1,50,True,7,7,0,1.0534540656526314,3.3607981782877863,1.0534540656526314,3.3607981782877863,0.0,False,False,nan,False
7,0.055170156,1.3756484,0.6561107,-0.28817475,-0.010758536,0.1134508,False,False,1,50,True,8,8,0,1.029364809821318,4.390162988109104,1.029364809821318,4.390162988109104,0.0,False,False,nan,False
8,0.06169529,1.3685601,0.6443995,-0.31499615,-0.0027438917,0.16030756,False,False,1,50,True,9,9,0,1.3858226917015497,5.7759856798106535,1.3858226917015497,5.7759856798106535,0.0,False,False,nan,False
9,0.06815205,1.3608743,0.6358568,-0.34159598,0.006976469,0.19442476,False,False,1,50,True,10,10,0,-0.1698935013838809,5.606092178426772,-0.1698935013838809,5.606092178426772,0.0,False,False,nan,False
10,0.07451906,1.3525972,0.6245934,-0.36797425,0.01894643,0.23942113,False,False,1,50,True,11,11,0,-0.7463092076019666,4.8597829708248055,-0.7463092076019666,4.8597829708248055,0.0,False,False,nan,False
11,0.0808054,1.3437246,0.6145109,-0.39457247,0.032926634,0.2796295,False,False,1,50,True,12,12,0,-1.1136433745340912,3.746139596290714,-1.1136433745340912,3.746139596290714,0.0,False,False,nan,False
12,0.08701029,1.3342626,0.6043099,-0.42097032,0.04893595,0.32021546,False,False,1,50,True,13,13,0,-1.3454917395864914,2.4006478567042224,-1.3454917395864914,2.4006478567042224,0.0,False,False,nan,False
13,0.09313717,1.3242078,0.59456444,-0.4475707,0.06688195,0.35895273,False,False,1,50,True,14,14,0,-1.6340997914437299,0.7665480652604926,-1.6340997914437299,0.7665480652604926,0.0,False,False,nan,False
14,0.099172875,1.3135506,0.5831705,-0.47468847,0.087103695,0.4044718,False,False,1,50,True,15,15,0,-1.8078666301740884,-1.0413185649135959,-1.8078666301740884,-1.0413185649135959,0.0,False,False,nan,False
15,0.10528116,1.3023164,0.59235847,-0.500473,0.10544551,0.36686975,False,False,3,50,True,16,16,0,-3.1451011854563817,-4.186419750369978,-3.1451011854563817,-4.186419750369978,0.0,False,False,nan,False
16,0.111300275,1.2904758,0.5812223,-0.52783847,0.12602164,0.41156045,False,False,1,50,True,17,17,0,-1.923480784020312,-6.10990053439029,-1.923480784020312,-6.10990053439029,0.0,False,False,nan,False
17,0.11739788,1.278061,0.5911927,-0.55344874,0.14454773,0.37055582,False,False,3,50,True,18,18,0,-3.169229205768629,-9.279129740158918,-3.169229205768629,-9.279129740158918,0.0,False,False,nan,False
18,0.12339821,1.2662399,0.5814241,-0.5272992,0.16316132,0.37230557,False,False,2,50,True,19,19,0,1.4493809439152414,-7.829748796243677,1.4493809439152414,-7.829748796243677,0.0,False,False,nan,False
19,0.12947282,1.2538298,0.59080493,-0.55346656,0.17987467,0.3342968,False,False,3,50,True,20,20,0,-2.990528029294181,-10.820276825537858,-2.990528029294181,-10.820276825537858,0.0,False,False,nan,False
20,0.13541183,1.2416143,0.5774714,-0.54498863,0.19640851,0.33070686,False,False,2,50,True,21,21,0,0.7507962398441748,-10.069480585693684,0.7507962398441748,-10.069480585693684,0.0,False,False,nan,False
21,0.14115591,1.2299024,0.55824417,-0.5227505,0.21272065,0.3262723,False,False,2,50,True,22,22,0,2.0929049162247226,-7.976575669468962,2.0929049162247226,-7.976575669468962,0.0,False,False,nan,False
22,0.14687948,1.2183474,0.5558612,-0.51601094,0.22943577,0.33433223,False,False,2,50,True,23,23,0,-0.25691922046040644,-8.233494889929368,-0.25691922046040644,-8.233494889929368,0.0,False,False,nan,False
23,0.15267316,1.2062308,0.5647937,-0.54085505,0.24423803,0.2960721,False,False,3,50,True,24,24,0,-2.7330714700153167,-10.966566359944684,-2.7330714700153167,-10.966566359944684,0.0,False,False,nan,False
24,0.15835008,1.1949847,0.55262554,-0.50241077,0.25961658,0.3075984,False,False,2,50,True,25,25,0,2.717220755144081,-8.249345604800602,2.717220755144081,-8.249345604800602,0.0,False,False,nan,False
25,0.16408424,1.1831402,0.56034064,-0.52878577,0.2730026,0.2677348,False,False,3,50,True,26,26,0,-2.6303307069265984,-10.8796763117272,-2.6303307069265984,-10.8796763117272,0.0,False,False,nan,False
26,0.1695055,1.1718035,0.5291958,-0.50632083,0.28628728,0.2656929,False,False,2,50,True,27,27,0,3.223187418111519,-7.656488893615681,3.223187418111519,-7.656488893615681,0.0,False,False,nan,False
27,0.17501879,1.159906,0.5408298,-0.53087157,0.29711074,0.21646956,False,False,3,50,True,28,28,0,-2.5600264578579286,-10.21651535147361,-2.5600264578579286,-10.21651535147361,0.0,False,False,nan,False
28,0.18035612,1.1481228,0.5233945,-0.52584285,0.30780056,0.21379633,False,False,2,50,True,29,29,0,1.3059013858555886,-8.910613965618023,1.3059013858555886,-8.910613965618023,0.0,False,False,nan,False
29,0.18557635,1.1366043,0.5114361,-0.5142149,0.3187814,0.21961685,False,False,2,50,True,30,30,0,1.3244472713693483,-7.586166694248674,1.3244472713693483,-7.586166694248674,0.0,False,False,nan,False
30,0.19060402,1.1249658,0.49258724,-0.5195395,0.32938066,0.21198516,False,False,2,50,True,31,31,0,0.636861551308965,-6.949305142939709,0.636861551308965,-6.949305142939709,0.0,False,False,nan,False
31,0.1954362,1.1137347,0.4729306,-0.50153947,0.34012863,0.21495934,False,False,2,50,True,32,32,0,2.3082630224336755,-4.641042120506033,2.3082630224336755,-4.641042120506033,0.0,False,False,nan,False
32,0.20035772,1.1019466,0.4842239,-0.525809,0.34844226,0.16627257,False,False,3,50,True,33,33,0,-2.3329564683559725,-6.973998588862006,-2.3329564683559725,-6.973998588862006,0.0,False,False,nan,False
33,0.20518179,1.0905926,0.4738639,-0.50672114,0.35741982,0.17955106,False,False,2,50,True,34,34,0,1.9348330152254618,-5.039165573636544,1.9348330152254618,-5.039165573636544,0.0,False,False,nan,False
34,0.20986338,1.0791769,0.45968133,-0.5095063,0.3663607,0.17881809,False,False,2,50,True,35,35,0,0.593531103089856,-4.445634470546688,0.593531103089856,-4.445634470546688,0.0,False,False,nan,False
35,0.21447392,1.0681756,0.4518381,-0.4913367,0.37611455,0.1950769,False,False,2,50,True,36,36,0,1.5859190572334796,-2.859715413313208,1.5859190572334796,-2.859715413313208,0.0,False,False,nan,False
36,0.21915884,1.0566307,0.46138674,-0.51499784,0.38367218,0.15115339,False,False,3,50,True,37,37,0,-2.1421068220678294,-5.001822235381038,-2.1421068220678294,-5.001822235381038,0.0,False,False,nan,False
37,0.22349921,1.0454135,0.42732406,-0.5003698,0.39082238,0.14300391,False,False,2,50,True,38,38,0,3.3370970447094352,-1.6647251906716027,3.3370970447094352,-1.6647251906716027,0.0,False,False,nan,False
38,0.22751188,1.0348685,0.39449835,-0.47054088,0.3980661,0.14487456,False,False,2,50,True,39,39,0,4.318666023951249,2.6539408332796466,4.318666023951249,2.6539408332796466,0.0,False,False,nan,False
39,0.23159084,1.0237708,0.4029464,-0.49462613,0.403372,0.106117785,False,False,3,50,True,40,40,0,-1.9610167744199873,0.6929240588596592,-1.9610167744199873,0.6929240588596592,0.0,False,False,nan,False
40,0.23554774,1.0126877,0.3905378,-0.49405771,0.40890193,0.1105991,False,False,2,50,True,41,41,0,0.9597755241103527,1.652699582970012,0.9597755241103527,1.652699582970012,0.0,False,False,nan,False
41,0.23923826,1.0025394,0.36322594,-0.45273975,0.41518256,0.12561257,False,False,2,50,True,42,42,0,4.908658576955202,6.561358159925214,4.908658576955202,6.561358159925214,0.0,False,False,nan,False
42,0.24298629,0.991824,0.37049678,-0.47750795,0.41984162,0.09318091,False,False,3,50,True,43,43,0,-1.937374465964864,4.62398369396035,-1.937374465964864,4.62398369396035,0.0,False,False,nan,False
43,0.2467986,0.9805448,0.37857664,-0.50208366,0.42270127,0.057193846,False,False,3,50,True,44,44,0,-1.7561399310672232,2.867843762893126,-1.7561399310672232,2.867843762893126,0.0,False,False,nan,False
44,0.25057468,0.96931803,0.37435383,-0.4999554,0.42623332,0.07064084,False,False,2,50,True,45,45,0,0.7651217230889642,3.6329654859820906,0.7651217230889642,3.6329654859820906,0.0,False,False,nan,False
45,0.25404415,0.9588062,0.34333453,-0.46829203,0.43014967,0.07832727,False,False,2,50,True,46,46,0,4.6282727320794494,8.26123821806154,4.6282727320794494,8.26123821806154,0.0,False,False,nan,False
46,0.2575941,0.94775134,0.3535747,-0.49176636,0.4316992,0.030990433,False,False,3,50,True,47,47,0,-1.7104790899911666,6.550759128070372,-1.7104790899911666,6.550759128070372,0.0,False,False,nan,False
47,0.26083165,0.93745095,0.3219233,-0.45835263,0.43368298,0.03967597,False,False,2,50,True,48,48,0,4.966154275054419,11.516913403124791,4.966154275054419,11.516913403124791,0.0,False,False,nan,False
48,0.26413602,0.92660564,0.33048388,-0.4820002,0.4336316,-0.0010275785,False,False,3,50,True,49,49,0,-1.5014030550545658,10.015510348070226,-1.5014030550545658,10.015510348070226,0.0,False,False,nan,False
49,0.26706314,0.9162808,0.29288024,-0.45882744,0.43344855,-0.0036609906,False,False,2,50,True,50,50,0,4.6374937398901865,14.653004087960412,4.6374937398901865,14.653004087960412,0.0,False,False,nan,False
50,0.26976985,0.9062435,0.27063796,-0.4461178,0.43348947,0.0008183092,False,False,2,50,True,51,51,0,2.836722815044266,17.489726903004676,2.836722815044266,17.489726903004676,0.0,False,False,nan,False
51,0.27253866,0.8956475,0.27849844,-0.47043225,0.4317287,-0.03521585,False,False,3,50,True,52,52,0,-1.4087823451166333,16.080944557888042,-1.4087823451166333,16.080944557888042,0.0,False,False,nan,False
52,0.27489042,0.8853037,0.2374008,-0.45904514,0.42931598,-0.04825448,False,False,2,50,True,53,53,0,3.849775454060091,19.930720011948132,3.849775454060091,19.930720011948132,0.0,False,False,nan,False
53,0.276886,0.87578773,0.20146422,-0.42234713,0.427237,-0.041579194,False,False,2,50,True,54,54,0,5.64254256509484,25.57326257704297,5.64254256509484,25.57326257704297,0.0,False,False,nan,False
54,0.27897033,0.8657221,0.21267112,-0.44608924,0.42265803,-0.09157945,False,False,3,50,True,55,55,0,-1.301976489817945,24.271286087225025,-1.301976489817945,24.271286087225025,0.0,False,False,nan,False
55,0.28072938,0.856559,0.17964932,-0.40613106,0.41860622,-0.08103588,False,False,2,50,True,56,56,0,5.93230744790007,30.203593535125094,5.93230744790007,30.203593535125094,0.0,False,False,nan,False
56,0.28254032,0.84684163,0.18633112,-0.43033472,0.41295335,-0.113058366,False,False,3,50,True,57,57,0,-1.0841990304413673,29.119394504683726,-1.0841990304413673,29.119394504683726,0.0,False,False,nan,False
57,0.2838892,0.8376563,0.14065501,-0.40656415,0.40674382,-0.12419043,False,False,2,50,True,58,58,0,5.022137213006812,34.14153171769054,5.022137213006812,34.14153171769054,0.0,False,False,nan,False
58,0.28529233,0.8279078,0.14757006,-0.4312093,0.39896026,-0.15567121,False,False,3,50,True,59,59,0,-0.9299611734994346,33.211570544191105,-0.9299611734994346,33.211570544191105,0.0,False,False,nan,False
59,0.2862583,0.81861895,0.104425326,-0.41066417,0.39058268,-0.16755141,False,False,2,50,True,60,60,0,4.586427775840133,37.79799832003124,4.586427775840133,37.79799832003124,0.0,False,False,nan,False
60,0.2870117,0.80957836,0.08311235,-0.3996932,0.38229164,-0.16582048,False,False,2,50,True,61,61,0,2.9058337612939455,40.70383208132519,2.9058337612939455,40.70383208132519,0.0,False,False,nan,False
61,0.28784418,0.79998595,0.0931636,-0.42370614,0.371759,-0.21065307,False,False,3,50,True,62,62,0,-0.6598390141833466,40.04399306714184,-0.6598390141833466,40.04399306714184,0.0,False,False,nan,False
62,0.28860968,0.78974307,0.0846421,-0.453168,0.3632001,-0.17117834,False,False,1,50,True,63,63,0,-0.9550065225134563,39.08898654462838,-0.9550065225134563,39.08898654462838,0.0,False,False,nan,False
63,0.2889785,0.78007936,0.045380734,-0.4273638,0.35421726,-0.17965598,False,False,2,50,True,64,64,0,4.616317850195128,43.705304394823514,4.616317850195128,43.705304394823514,0.0,False,False,nan,False
64,0.28895283,0.7706863,0.0067263544,-0.4152086,0.34445584,-0.1952288,False,False,2,50,True,65,65,0,3.007545422725383,46.7128498175489,3.007545422725383,46.7128498175489,0.0,False,False,nan,False
65,0.28898716,0.7607313,0.014395366,-0.43986884,0.33299264,-0.22926423,False,False,3,50,True,66,66,0,-0.43763093921279395,46.275218878336105,-0.43763093921279395,46.275218878336105,0.0,False,False,nan,False
66,0.28895625,0.75014037,0.006162001,-0.46861297,0.32334414,-0.19296944,False,False,1,50,True,67,67,0,-0.9297710276245528,45.34544785071155,-0.9297710276245528,45.34544785071155,0.0,False,False,nan,False
67,0.28883514,0.7389123,-0.0051461346,-0.49748835,0.31610772,-0.14472848,False,False,1,50,True,68,68,0,-1.1413609274056842,44.204086923305866,-1.1413609274056842,44.204086923305866,0.0,False,False,nan,False
68,0.2884101,0.727852,-0.034953345,-0.48994043,0.30827108,-0.15673277,False,False,2,10,True,69,69,0,2.161351477262639,46.36543840056851,2.161351477262639,46.36543840056851,0.0,False,False,nan,False
69,0.28773147,0.7172735,-0.060186557,-0.46855593,0.30032882,-0.15884487,False,False,2,10,False,69,69,0,3.3799937039840247,49.745432104552535,3.3799937039840247,49.745432104552535,0.0,False,False,nan,False
70,0.28669396,0.7071715,-0.095479384,-0.44728962,0.2917831,-0.17091443,False,False,2,10,False,69,69,0,3.034151756870995,52.77958386142353,3.034151756870995,52.77958386142353,0.0,False,False,nan,False
71,0.28551036,0.69705606,-0.109943435,-0.44791523,0.28311044,-0.1734523,False,False,2,10,False,69,69,0,1.1642541243704272,53.94383798579396,1.1642541243704272,53.94383798579396,0.0,False,False,nan,False
72,0.2840023,0.68754977,-0.14198665,-0.42082107,0.27403802,-0.18144707,False,False,2,10,False,69,69,0,3.2519762123460056,57.19581419813997,3.2519762123460056,57.19581419813997,0.0,False,False,nan,False
73,0.28218347,0.6785813,-0.17259592,-0.39689004,0.26453266,-0.19010723,False,False,2,10,True,70,70,0,2.682135972753355,59.87795017089333,2.682135972753355,59.87795017089333,0.0,False,False,nan,False
74,0.28042823,0.6690444,-0.16453587,-0.42191753,0.25330725,-0.22450812,False,False,3,10,False,70,70,0,0.03321259358796283,59.91116276448129,0.03321259358796283,59.91116276448129,0.0,False,False,nan,False
75,0.2787594,0.65894496,-0.15358418,-0.4466249,0.23977302,-0.27068463,False,False,3,10,False,70,70,0,0.37601573514885556,60.287178499630144,0.37601573514885556,60.287178499630144,0.0,False,False,nan,False
76,0.27715054,0.6482617,-0.14603248,-0.4724564,0.22469492,-0.30156213,False,False,3,10,False,70,70,0,0.3022756024893749,60.58945410211952,0.3022756024893749,60.58945410211952,0.0,False,False,nan,False
77,0.27559996,0.6370072,-0.13858737,-0.49778175,0.20805028,-0.33289278,False,False,3,10,False,70,70,0,0.5092788844031884,61.098732986522705,0.5092788844031884,61.098732986522705,0.0,False,False,nan,False
78,0.27412453,0.62519276,-0.12900233,-0.5225885,0.1893822,-0.37336174,False,False,3,10,True,71,71,0,0.8227379362763554,61.92147092279906,0.8227379362763554,61.92147092279906,0.0,False,False,nan,False
79,0.27255306,0.6127456,-0.14103982,-0.5512298,0.17322236,-0.3231969,False,False,1,10,False,71,71,0,-0.28310062336399144,61.63837029943507,-0.28310062336399144,61.63837029943507,0.0,False,False,nan,False
80,0.27089804,0.59968317,-0.15149048,-0.57897973,0.15919459,-0.2805554,False,False,1,10,False,71,71,0,-0.31587680485733816,61.32249349457773,-0.31587680485733816,61.32249349457773,0.0,False,False,nan,False
81,0.2691761,0.58600086,-0.15988488,-0.60682935,0.14689758,-0.24594009,False,False,1,10,False,71,71,0,-0.39062308294381753,60.93187041163391,-0.39062308294381753,60.93187041163391,0.0,False,False,nan,False
82,0.26739416,0.57171035,-0.16738242,-0.6341037,0.13611943,-0.21556279,False,False,1,10,False,71,71,0,-0.40915578949252907,60.52271462214138,-0.40915578949252907,60.52271462214138,0.0,False,False,nan,False
83,0.26553908,0.5568173,-0.17653559,-0.66111654,0.12717494,-0.17888948,False,False,1,10,True,72,72,0,-0.5553638387081878,59.96735078343319,-0.5553638387081878,59.96735078343319,0.0,False,False,nan,False
84,0.26360416,0.54131836,-0.18650542,-0.6882647,0.12023386,-0.13882145,False,False,1,10,False,72,72,0,-0.7362690862710781,59.23108169716211,-0.7362690862710781,59.23108169716211,0.0,False,False,nan,False
85,0.26159802,0.5252189,-0.19542353,-0.71512496,0.11507448,-0.1031879,False,False,1,10,False,72,72,0,-0.8070701530131135,58.424011544148996,-0.8070701530131135,58.424011544148996,0.0,False,False,nan,False
86,0.2595087,0.5084943,-0.20590022,-0.7430804,0.112055264,-0.060384154,False,False,1,10,False,72,72,0,-1.1139476531648131,57.31006389098418,-1.1139476531648131,57.31006389098418,0.0,False,False,nan,False
87,0.25735968,0.49115604,-0.2133961,-0.77047926,0.110558726,-0.02993067,False,False,1,10,False,72,72,0,-1.0820893138783265,56.227974577105854,-1.0820893138783265,56.227974577105854,0.0,False,False,nan,False
88,0.25514346,0.47320843,-0.2218252,-0.79768366,0.110762306,0.004071395,False,False,1,10,True,73,73,0,-1.2082963703553549,55.0196782067505,-1.2082963703553549,55.0196782067505,0.0,False,False,nan,False
89,0.25288048,0.45610508,-0.2267864,-0.7601878,0.111242376,0.009601605,False,False,2,10,False,73,73,0,4.72697360460212,59.74665181135262,4.72697360460212,59.74665181135262,0.0,False,False,nan,False
90,0.25041324,0.4391689,-0.2465212,-0.7527018,0.111047156,-0.0039047461,False,False,2,10,False,73,73,0,1.4419219499602718,61.188573761312895,1.4419219499602718,61.188573761312895,0.0,False,False,nan,False
91,0.24778795,0.42235324,-0.2618479,-0.7473115,0.11037161,-0.013510816,False,False,2,10,False,73,73,0,1.3732002053665553,62.56177396667945,1.3732002053665553,62.56177396667945,0.0,False,False,nan,False
92,0.24521036,0.4062175,-0.2577347,-0.7171428,0.11034944,-0.00044329505,False,False,2,10,False,73,73,0,4.201394806384127,66.76316877306358,4.201394806384127,66.76316877306358,0.0,False,False,nan,False
93,0.24249391,0.39067197,-0.27138972,-0.690894,0.11009284,-0.0051319483,False,False,2,10,True,74,74,0,3.1699301880071973,69.93309896107078,3.1699301880071973,69.93309896107078,0.0,False,False,nan,False
94,0.2398201,0.37566262,-0.26771703,-0.667104,0.11041625,0.006468317,False,False,2,10,False,74,74,0,3.426971461772564,73.36007042284335,3.426971461772564,73.36007042284335,0.0,False,False,nan,False
95,0.23721914,0.3609481,-0.26105976,-0.6540528,0.11137866,0.019248601,False,False,2,10,False,74,74,0,2.4392331685159947,75.79930359135935,2.4392331685159947,75.79930359135935,0.0,False,False,nan,False
96,0.23463316,0.3469193,-0.26007852,-0.62361354,0.11284984,0.02942339,False,False,2,10,False,74,74,0,3.719060274759369,79.51836386611872,3.719060274759369,79.51836386611872,0.0,False,False,nan,False
97,0.2321004,0.3334445,-0.255414,-0.5990397,0.11496524,0.04230817,False,False,2,10,False,74,74,0,3.188417319333138,82.70678118545186,3.188417319333138,82.70678118545186,0.0,False,False,nan,False
98,0.22954407,0.32020593,-0.25795186,-0.58856386,0.11726817,0.04605851,False,False,2,10,True,75,75,0,1.5593848562695996,84.26616604172146,1.5593848562695996,84.26616604172146,0.0,False,False,nan,False
99,0.22708102,0.30705202,-0.24930036,-0.58485687,0.12024607,0.059557874,False,False,2,10,False,75,75,0,1.2941363769480005,85.56030241866947,1.2941363769480005,85.56030241866947,0.0,False,False,nan,False
100,0.22438526,0.29393494,-0.27172685,-0.583157,0.1223918,0.04291462,False,False,2,10,False,75,75,0,-0.06221865732711079,85.49808376134236,-0.06221865732711079,85.49808376134236,0.0,False,False,nan,False
101,0.22167301,0.28077173,-0.27351132,-0.5852193,0.124670066,0.045565195,False,False,2,10,False,75,75,0,0.4159490721196846,85.91403283346204,0.4159490721196846,85.91403283346204,0.0,False,False,nan,False
102,0.2190175,0.2685071,-0.26868105,-0.5453632,0.1277821,0.062241085,False,False,2,10,False,75,75,0,4.3139638622739485,90.227996695736,4.3139638622739485,90.227996695736,0.0,False,False,nan,False
103,0.21634188,0.25681818,-0.27106065,-0.51980895,0.13126357,0.06962912,False,False,2,50,True,76,76,0,2.59432681808259,92.82232351381859,2.59432681808259,92.82232351381859,0.0,False,False,nan,False
104,0.21345834,0.24561054,-0.29133207,-0.49838313,0.13422821,0.059293192,False,False,2,50,True,77,77,0,1.3377427543111622,94.16006626812975,1.3377427543111622,94.16006626812975,0.0,False,False,nan,False
105,0.21065426,0.23381053,-0.2813726,-0.5245317,0.13519023,0.019240493,False,False,3,50,True,78,78,0,-0.8514024159238704,93.30866385220588,-0.8514024159238704,93.30866385220588,0.0,False,False,nan,False
106,0.20788613,0.22219528,-0.2782739,-0.5163675,0.13664243,0.029044066,False,False,2,50,True,79,79,0,1.463451794051221,94.7721156462571,1.463451794051221,94.7721156462571,0.0,False,False,nan,False
107,0.205062,0.21063282,-0.28389433,-0.51401997,0.138112,0.029391438,False,False,2,50,True,80,80,0,0.5214085411839562,95.29352418744107,0.5214085411839562,95.29352418744107,0.0,False,False,nan,False
108,0.20209837,0.19992258,-0.2978142,-0.4761472,0.13955908,0.028941726,False,False,2,50,True,81,81,0,3.0838158365265373,98.3773400239676,3.0838158365265373,98.3773400239676,0.0,False,False,nan,False
109,0.19920024,0.18863304,-0.28956097,-0.50173485,0.13931265,-0.004928472,False,False,3,50,True,82,82,0,-0.7801370560869134,97.59720296788069,-0.7801370560869134,97.59720296788069,0.0,False,False,nan,False
110,0.19632415,0.17796987,-0.2879935,-0.47395292,0.13969125,0.0075718043,False,False,2,50,True,83,83,0,3.068309213928541,100.66551218180923,3.068309213928541,100.66551218180923,0.0,False,False,nan,False
111,0.19350901,0.16725405,-0.2824097,-0.47634146,0.14058372,0.017849488,False,False,2,50,True,84,84,0,0.6144451884202027,101.27995737022944,0.6144451884202027,101.27995737022944,0.0,False,False,nan,False
112,0.19056186,0.15743846,-0.2956499,-0.43633848,0.14151976,0.018720662,False,False,2,50,True,85,85,0,3.1349285559007827,104.41488592613022,3.1349285559007827,104.41488592613022,0.0,False,False,nan,False
113,0.187677,0.14703634,-0.28782576,-0.4622548,0.1408646,-0.013103081,False,False,3,50,True,86,86,0,-0.8347528481574773,103.58013307797275,-0.8347528481574773,103.58013307797275,0.0,False,False,nan,False
114,0.18457642,0.13714193,-0.3088932,-0.4396406,0.13970107,-0.023270473,False,False,2,50,True,87,87,0,1.3863566117176418,104.96648968969039,1.3863566117176418,104.96648968969039,0.0,False,False,nan,False
115,0.18155822,0.12667444,-0.29850763,-0.46491727,0.13640475,-0.06592634,False,False,3,50,True,88,88,0,-0.36283490510835636,104.60365478458203,-0.36283490510835636,104.60365478458203,0.0,False,False,nan,False
116,0.17855892,0.11638785,-0.2970397,-0.4569179,0.13352169,-0.057661366,False,False,2,50,True,89,89,0,1.563853526127528,106.16750831070956,1.563853526127528,106.16750831070956,0.0,False,False,nan,False
117,0.17561007,0.10650166,-0.292633,-0.43919066,0.13128012,-0.044831663,False,False,2,50,True,90,90,0,2.4232774757032134,108.59078578641278,2.4232774757032134,108.59078578641278,0.0,False,False,nan,False
118,0.17271861,0.09657598,-0.2873776,-0.4409858,0.1295279,-0.035044696,False,False,2,50,True,91,91,0,0.7640917280891812,109.35487751450196,0.7640917280891812,109.35487751450196,0.0,False,False,nan,False
119,0.16962776,0.08693541,-0.30676067,-0.42826816,0.12721355,-0.046287116,False,False,2,50,True,92,92,0,0.615385807915996,109.97026332241796,0.615385807915996,109.97026332241796,0.0,False,False,nan,False
120,0.16660699,0.07670647,-0.29796478,-0.45427516,0.123120375,-0.08186369,False,False,3,50,True,93,93,0,-0.5494425479717353,109.42082077444623,-0.5494425479717353,109.42082077444623,0.0,False,False,nan,False
121,0.16345826,0.06728855,-0.31070966,-0.41823372,0.11897379,-0.08293152,False,False,2,50,True,94,94,0,3.0055098488250396,112.42633062327127,3.0055098488250396,112.42633062327127,0.0,False,False,nan,False
122,0.16007814,0.058186494,-0.33310285,-0.40415478,0.11410071,-0.097461596,False,False,2,50,True,95,95,0,0.5597175211928913,112.98604814446416,0.5597175211928913,112.98604814446416,0.0,False,False,nan,False
123,0.15679207,0.048511874,-0.32126954,-0.42943922,0.10681372,-0.14573973,False,False,3,50,True,96,96,0,0.06085187757018787,113.04690002203435,0.06085187757018787,113.04690002203435,0.0,False,False,nan,False
124,0.15332508,0.03895813,-0.338758,-0.42406467,0.09893194,-0.15763551,False,False,2,50,True,97,97,0,0.4364170636855505,113.4833170857199,0.4364170636855505,113.4833170857199,0.0,False,False,nan,False
125,0.14973888,0.030282222,-0.3505693,-0.38508892,0.09095162,-0.15960643,False,False,2,50,True,98,98,0,3.24053291596955,116.72385000168946,3.24053291596955,116.72385000168946,0.0,False,False,nan,False
126,0.14623919,0.022225007,-0.34266013,-0.3576701,0.08371036,-0.14482562,False,False,2,50,True,99,99,0,3.453242948371437,120.1770929500609,3.453242948371437,120.1770929500609,0.0,False,False,nan,False
127,0.1425291,0.014082965,-0.36285824,-0.36143738,0.07563236,-0.16155986,False,False,2,50,True,100,100,0,-0.70601442090707,119.47107852915383,-0.70601442090707,119.47107852915383,0.0,False,False,nan,False
128,0.13871431,0.0059581613,-0.3729717,-0.3606967,0.06721597,-0.16832788,False,True,2,50,True,101,101,0,10.309814546139872,129.7808930752937,10.309814546139872,129.7808930752937,0.0,False,False,0.3606967,True
129,0.13481864,-0.0008813286,-0.3625435,-0.3031307,0.040061153,-0.54367226,False,True,2,50,True,102,101,1,7.445622560899747,137.22651563619345,7.445622560899747,137.22651563619345,0.0,False,False,nan,True
130,0.13086787,-0.0065428996,-0.34860212,-0.25102946,-0.005850225,-0.9182497,False,True,2,50,True,103,101,2,7.799463769675232,145.0259794058687,7.799463769675232,145.0259794058687,0.0,False,False,nan,True
131,0.12718678,-0.010812475,-0.32519633,-0.1904915,-0.04823997,-0.84781,True,True,2,50,True,104,101,3,11.069482340455497,156.0954617463242,11.069482340455497,156.0954617463242,0.0,False,False,nan,True
132,0.12362242,-0.013400986,-0.32046488,-0.11660972,-0.083810896,-0.71141505,True,True,2,50,True,105,101,4,0.058812678560823894,156.15427442488502,0.058812678560823894,156.15427442488502,0.0,False,False,nan,True
133,0.12020235,-0.01494036,-0.3167389,-0.07003389,-0.10888011,-0.5013824,True,True,2,50,True,106,101,5,-0.8217598915969291,155.33251453328808,-0.8217598915969291,155.33251453328808,0.0,False,False,nan,True
134,0.11725998,-0.015816584,-0.28784084,-0.039420757,-0.11524663,-0.12733868,True,True,2,1,True,107,101,6,2.7300279139592663,158.06254244724735,2.7300279139592663,158.06254244724735,0.0,False,False,nan,True
135,0.11468172,-0.015044465,-0.26344326,0.034741078,-0.109659314,0.111750126,True,True,2,1,False,107,101,6,3.0048500267304066,161.06739247397775,3.0048500267304066,161.06739247397775,0.0,False,False,nan,True
136,0.11217193,-0.013454917,-0.2623099,0.071437865,-0.09840328,0.2251484,True,True,2,1,False,107,101,6,0.48047515507156363,161.5478676290493,0.48047515507156363,161.5478676290493,0.0,False,False,nan,True
137,0.109676644,-0.011410215,-0.26408583,0.09176786,-0.08393594,0.28939018,True,True,2,1,False,107,101,6,0.6462587581622159,162.19412638721153,0.6462587581622159,162.19412638721153,0.0,False,False,nan,True
138,0.10738983,-0.008677079,-0.2431202,0.12221716,-0.06963595,0.28601226,True,True,2,1,False,107,101,6,2.1293487592501323,164.32347514646165,2.1293487592501323,164.32347514646165,0.0,False,False,nan,True
139,0.1050993,-0.005703726,-0.2431256,0.13274394,-0.05569806,0.27876732,False,False,2,1,False,107,101,6,-19.146875917430297,145.17659922903135,-19.146875917430297,145.17659922903135,0.0,False,False,nan,True
140,0.102754116,-0.0022718573,-0.24814625,0.15297692,-0.042223584,0.26949874,False,False,2,1,False,107,101,6,-0.15578774710330662,145.02081148192804,-0.15578774710330662,145.02081148192804,0.0,False,False,nan,True
141,0.10060863,0.0018973685,-0.22892538,0.18563767,-0.028013188,0.28421777,False,False,2,1,False,107,101,6,1.0139747872287301,146.03478626915677,1.0139747872287301,146.03478626915677,0.0,False,False,nan,True
142,0.09841738,0.006757281,-0.23314378,0.21619946,-0.014158154,0.2771102,False,False,2,1,False,107,101,6,-1.039293726582325,144.99549254257445,-1.039293726582325,144.99549254257445,0.0,False,False,nan,True
143,0.09636917,0.011627564,-0.2194983,0.216528,0.0003297164,0.2897676,False,False,2,1,False,107,101,6,2.20445807708865,147.1999506196631,2.20445807708865,147.1999506196631,0.0,False,False,nan,False
144,0.09419079,0.016652165,-0.23187844,0.22325008,0.014193038,0.2772764,False,False,2,1,False,107,101,6,-2.90046420725493,144.29948641240816,-2.90046420725493,144.29948641240816,0.0,False,False,nan,False
145,0.092142776,0.021737132,-0.21947554,0.22579065,0.028686443,0.2898782,False,False,2,1,False,107,101,6,-0.9514096188320054,143.34807679357615,-0.9514096188320054,143.34807679357615,0.0,False,False,nan,False
146,0.0901226,0.026825963,-0.21686415,0.2258166,0.043353617,0.2933541,False,False,2,1,False,107,101,6,-1.522971380076288,141.82510541349987,-1.522971380076288,141.82510541349987,0.0,False,False,nan,False
147,0.08788862,0.03259543,-0.23737356,0.2559531,0.057172447,0.2763866,False,False,2,1,False,107,101,6,-5.252212087977749,136.57289332552213,-5.252212087977749,136.57289332552213,0.0,False,False,nan,False
148,0.085727975,0.038912427,-0.23056653,0.2801359,0.07152065,0.28697413,False,False,2,1,False,107,101,6,-3.149209708494534,133.4236836170276,-3.149209708494534,133.4236836170276,0.0,False,False,nan,False
149,0.08339405,0.045255456,-0.24719024,0.28119344,0.08518888,0.27337462,False,False,2,1,False,107,101,6,-2.898277446831446,130.52540617019613,-2.898277446831446,130.52540617019613,0.0,False,False,nan,False
150,0.08110027,0.051548775,-0.24348411,0.27883637,0.09918371,0.27990603,False,False,2,1,False,107,101,6,-1.3993957443173415,129.1260104258788,-1.3993957443173415,129.1260104258788,0.0,False,False,nan,False
151,0.07855692,0.058658417,-0.26767403,0.31504253,0.11243629,0.26506048,False,False,2,1,False,107,101,6,-6.141752513800792,122.98425791207801,-6.141752513800792,122.98425791207801,0.0,False,False,nan,False
152,0.07611074,0.06587649,-0.2586242,0.31968492,0.12637739,0.27883166,False,False,2,1,False,107,101,6,-1.7358306174895148,121.2484272945885,-1.7358306174895148,121.2484272945885,0.0,False,False,nan,False
153,0.07340936,0.07335678,-0.2832659,0.33129066,0.13946502,0.26176122,False,False,2,1,False,107,101,6,-4.388894377964806,116.85953291662369,-4.388894377964806,116.85953291662369,0.0,False,False,nan,False
154,0.070487596,0.08162671,-0.30485353,0.36631393,0.1521208,0.25312415,False,False,2,1,False,107,101,6,-6.041629400560583,110.81790351606311,-6.041629400560583,110.81790351606311,0.0,False,False,nan,False
155,0.06757259,0.090678416,-0.3048209,0.40088055,0.1654436,0.266465,False,False,2,1,False,107,101,6,-4.859580567192199,105.95832294887092,-4.859580567192199,105.95832294887092,0.0,False,False,nan,False
156,0.06444111,0.10042048,-0.3260885,0.4314821,0.17841953,0.25952718,False,False,2,1,False,107,101,6,-5.944211849921689,100.01411109894923,-5.944211849921689,100.01411109894923,0.0,False,False,nan,False
157,0.06118269,0.11099146,-0.33894357,0.4681861,0.19158946,0.26340744,False,False,2,1,False,107,101,6,-6.074396102378844,93.93971499657039,-6.074396102378844,93.93971499657039,0.0,False,False,nan,False
158,0.05783882,0.12249535,-0.34795636,0.509471,0.20526233,0.27346677,False,False,2,1,False,107,101,6,-6.4357317610008975,87.50398323556949,-6.4357317610008975,87.50398323556949,0.0,False,False,nan,False
159,0.05456848,0.13398951,-0.34126234,0.50881034,0.21963662,0.28749552,False,False,2,1,False,107,101,6,-2.228645249759441,85.27533798581005,-2.228645249759441,85.27533798581005,0.0,False,False,nan,False
160,0.05119314,0.14587541,-0.3519159,0.5260561,0.23419881,0.2912547,False,False,2,1,False,107,101,6,-4.774175478482024,80.50116250732803,-4.774175478482024,80.50116250732803,0.0,False,False,nan,False
161,0.0477911,0.15805851,-0.35503042,0.5390398,0.2492802,0.30163866,False,False,2,1,False,107,101,6,-4.114956087120464,76.38620642020757,-4.114956087120464,76.38620642020757,0.0,False,False,nan,False
162,0.044330787,0.17061682,-0.36128205,0.5554806,0.26483867,0.31118035,False,False,2,1,False,107,101,6,-4.689470880642449,71.69673553956513,-4.689470880642449,71.69673553956513,0.0,False,False,nan,False
163,0.040587805,0.18364228,-0.38907558,0.5761637,0.27999407,0.30311894,False,False,2,1,False,107,101,6,-6.254363824346316,65.44237171521881,-6.254363824346316,65.44237171521881,0.0,False,False,nan,False
164,0.036570452,0.19672695,-0.41582435,0.5787724,0.29448935,0.28991646,False,False,2,1,False,107,101,6,-4.695083957011721,60.747287758207094,-4.695083957011721,60.747287758207094,0.0,False,False,nan,False
165,0.03246937,0.21019979,-0.42427477,0.595863,0.309126,0.2927335,False,False,2,1,False,107,101,6,-4.904915224715768,55.84237253349133,-4.904915224715768,55.84237253349133,0.0,False,False,nan,False
166,0.028131867,0.22408612,-0.44776893,0.61412024,0.3236707,0.2908942,False,False,2,1,False,107,101,6,-5.924459314140779,49.91791321935055,-5.924459314140779,49.91791321935055,0.0,False,False,nan,False
167,0.023785401,0.2381354,-0.4492654,0.62106824,0.3389232,0.30504984,False,False,2,1,False,107,101,6,-3.822898359413858,46.0950148599367,-3.822898359413858,46.0950148599367,0.0,False,False,nan,False
168,0.019258881,0.25227442,-0.46711951,0.6249257,0.35409668,0.3034703,False,False,2,1,False,107,101,6,-4.554693145255913,41.540321714680786,-4.554693145255913,41.540321714680786,0.0,False,False,nan,False
169,0.014456463,0.26729417,-0.49499804,0.6638311,0.36965463,0.31115884,False,False,2,1,False,107,101,6,-8.108792888792738,33.43152882588805,-8.108792888792738,33.43152882588805,0.0,False,False,nan,False
170,0.009640122,0.28241187,-0.4969608,0.66785264,0.38592926,0.32549265,False,False,2,1,False,107,101,6,-3.8563789394412593,29.57514988644679,-3.8563789394412593,29.57514988644679,0.0,False,False,nan,False
171,0.0045989035,0.29796404,-0.51958025,0.68693626,0.40243924,0.33019978,False,False,2,1,False,107,101,6,-6.377290288731149,23.19785959771564,-6.377290288731149,23.19785959771564,0.0,False,False,nan,False
172,-0.00054664613,0.31373513,-0.53040034,0.6963482,0.4194932,0.34107924,False,False,2,1,False,107,101,6,-4.982873317524667,18.214986280190974,-4.982873317524667,18.214986280190974,0.0,False,False,nan,False
173,-0.0058036805,0.32979894,-0.5420136,0.7089857,0.43719605,0.35405713,False,False,2,1,False,107,101,6,-5.390883257250056,12.824103022940918,-5.390883257250056,12.824103022940918,0.0,False,False,nan,False
174,-0.011271095,0.34603873,-0.5630366,0.71658516,0.4550297,0.3566729,False,False,2,1,False,107,101,6,-5.609154928104476,7.2149480948364415,-5.609154928104476,7.2149480948364415,0.0,False,False,nan,False
175,-0.01701498,0.36208105,-0.5900119,0.7077967,0.47225955,0.34459692,False,False,2,1,False,107,101,6,-4.6628894964316485,2.552058598404793,-4.6628894964316485,2.552058598404793,0.0,False,False,nan,False
176,-0.02312975,0.3785894,-0.6269324,0.72833914,0.48945606,0.34393013,False,False,2,1,False,107,101,6,-7.655084859820465,-5.103026261415672,-7.655084859820465,-5.103026261415672,0.0,False,False,nan,False
177,-0.029598903,0.39582747,-0.662651,0.76044154,0.5071321,0.3535212,False,False,2,1,False,107,101,6,-8.596421823701991,-13.699448085117663,-8.596421823701991,-13.699448085117663,0.0,False,False,nan,False
178,-0.036491584,0.41317093,-0.70427597,0.76515704,0.52415186,0.34039545,False,False,2,1,False,107,101,6,-6.915248035776773,-20.614696120894436,-6.915248035776773,-20.614696120894436,0.0,False,False,nan,False
179,-0.043807317,0.43115646,-0.74663055,0.79345,0.541393,0.34482205,False,False,2,1,False,107,101,6,-8.84051016481435,-29.455206285708787,-8.84051016481435,-29.455206285708787,0.0,False,False,nan,False
180,-0.051620293,0.44975913,-0.79616123,0.8207184,0.5585963,0.3440663,False,False,2,1,False,107,101,6,-9.347273637483216,-38.802479923192,-9.347273637483216,-38.802479923192,0.0,False,False,nan,False
181,-0.05987396,0.46891195,-0.8401974,0.8449495,0.5759497,0.3470685,False,False,2,1,False,107,101,6,-8.85058382293973,-47.653063746131735,-8.85058382293973,-47.653063746131735,0.0,False,False,nan,False
182,-0.068685725,0.4883895,-0.8953373,0.85943913,0.5926904,0.3348133,False,False,2,1,False,107,101,6,-8.970780807820763,-56.623844553952495,-8.970780807820763,-56.623844553952495,0.0,False,False,nan,False
183,-0.077819064,0.5078189,-0.92709315,0.857247,0.6091477,0.32914585,False,False,2,1,False,107,101,6,-6.161970627556417,-62.78581518150891,-6.161970627556417,-62.78581518150891,0.0,False,False,nan,False
184,-0.087080196,0.5272992,-0.9402607,0.8591092,0.6262675,0.342397,False,False,2,1,True,108,101,7,-5.1768917701204655,-67.96270695162937,-5.1768917701204655,-67.96270695162937,0.0,False,False,nan,False
185,-0.09627523,0.54626924,-0.9314357,0.8372726,0.6408846,0.29234222,False,False,3,1,False,108,101,7,-1.3960790740753157,-69.35878602570469,-1.3960790740753157,-69.35878602570469,0.0,False,False,nan,False
186,-0.105407335,0.56470263,-0.9233219,0.8141736,0.6533932,0.25017208,False,False,3,1,False,108,101,7,-1.1156418005666626,-70.47442782627135,-1.1156418005666626,-70.47442782627135,0.0,False,False,nan,False
187,-0.114460565,0.58261466,-0.9132516,0.79201406,0.6632657,0.19745138,False,False,3,1,False,108,101,7,-0.7299975258187874,-71.20442535209014,-0.7299975258187874,-71.20442535209014,0.0,False,False,nan,False
188,-0.12345028,0.5999903,-0.90513355,0.7690175,0.671004,0.15476577,False,False,3,1,False,108,101,7,-0.5706775823049941,-71.77510293439514,-0.5706775823049941,-71.77510293439514,0.0,False,False,nan,False
189,-0.13239317,0.61682624,-0.89903116,0.7457427,0.6769885,0.119689725,False,False,3,1,False,108,101,7,-0.4960974086827423,-72.27120034307788,-0.4960974086827423,-72.27120034307788,0.0,False,False,nan,False
190,-0.14127322,0.63314825,-0.8908089,0.7239126,0.680545,0.07112931,False,False,3,1,False,108,101,7,-0.1492362049723954,-72.42043654805028,-0.1492362049723954,-72.42043654805028,0.0,False,False,nan,False
191,-0.15007801,0.6489514,-0.8812114,0.70196193,0.68148744,0.018849526,False,False,3,1,False,108,101,7,0.26344086567672886,-72.15699568237355,0.26344086567672886,-72.15699568237355,0.0,False,False,nan,False
192,-0.15882091,0.6642377,-0.87316066,0.67999727,0.680059,-0.028567959,False,False,3,1,False,108,101,7,0.41620846562000335,-71.74078721675355,0.41620846562000335,-71.74078721675355,0.0,False,False,nan,False
193,-0.16749907,0.67901504,-0.8646922,0.6584509,0.6760957,-0.07926553,False,False,3,1,False,108,101,7,0.7111195641964525,-71.0296676525571,0.7111195641964525,-71.0296676525571,0.0,False,False,nan,False
194,-0.17611751,0.6932635,-0.8569932,0.63584715,0.66996974,-0.12251924,False,False,3,1,False,108,101,7,0.9647144720509868,-70.06495318050611,0.9647144720509868,-70.06495318050611,0.0,False,False,nan,False
195,-0.18468055,0.7069649,-0.8499587,0.6122708,0.6620153,-0.15908796,False,False,3,1,False,108,101,7,1.1843485872743156,-68.8806045932318,1.1843485872743156,-68.8806045932318,0.0,False,False,nan,False
196,-0.19319782,0.72012764,-0.84396803,0.58901757,0.65232193,-0.19386736,False,False,3,1,False,108,101,7,1.2826623852012642,-67.59794220803053,1.2826623852012642,-67.59794220803053,0.0,False,False,nan,False
197,-0.20166078,0.7327436,-0.8370007,0.56539565,0.64082205,-0.2299982,False,False,3,1,False,108,101,7,1.5921439501397583,-66.00579825789077,1.5921439501397583,-66.00579825789077,0.0,False,False,nan,False
198,-0.21005154,0.7448532,-0.82750034,0.5438846,0.6266325,-0.28379127,False,False,3,1,False,108,101,7,1.980682273303587,-64.02511598458719,1.980682273303587,-64.02511598458719,0.0,False,False,nan,False
199,-0.21836615,0.7564509,-0.8175338,0.52207035,0.6097513,-0.3376244,False,False,3,1,False,108,101,7,2.337337054065047,-61.68777893052214,2.337337054065047,-61.68777893052214,0.0,False,False,nan,False
200,-0.22660828,0.76753235,-0.80798024,0.49992144,0.5903241,-0.38854367,False,False,3,1,False,108,101,7,2.6056172046908457,-59.0821617258313,2.6056172046908457,-59.0821617258313,0.0,False,False,nan,False
201,-0.23477396,0.7780954,-0.79790896,0.4776277,0.56830174,-0.44044742,False,False,3,1,False,108,101,7,2.9459255405912486,-56.13623618524005,2.9459255405912486,-56.13623618524005,0.0,False,False,nan,False
202,-0.24287018,0.7881403,-0.78860676,0.45517126,0.5438528,-0.48897853,False,False,3,1,False,108,101,7,3.1579323060800575,-52.978303879159995,3.1579323060800575,-52.978303879159995,0.0,False,False,nan,False
203,-0.25088912,0.7976575,-0.77838266,0.43220568,0.5169284,-0.53848904,False,False,3,1,False,108,101,7,3.536627104826921,-49.441676774333075,3.536627104826921,-49.441676774333075,0.0,False,False,nan,False
204,-0.25885463,0.8066404,-0.77101886,0.4086234,0.48814556,-0.5756563,False,False,3,1,False,108,101,7,3.52290268199542,-45.91877409233766,3.52290268199542,-45.91877409233766,0.0,False,False,nan,False
205,-0.26676035,0.815075,-0.76297176,0.38432726,0.45751968,-0.6125184,False,False,3,1,False,108,101,7,3.816903131382476,-42.10187096095518,3.816903131382476,-42.10187096095518,0.0,False,False,nan,False
206,-0.2746098,0.822975,-0.7552002,0.36052287,0.42501968,-0.6500007,False,False,3,1,False,108,101,7,3.9697036300065363,-38.13216733094865,3.9697036300065363,-38.13216733094865,0.0,False,False,nan,False
207,-0.28239617,0.8303308,-0.74664897,0.3361854,0.39059725,-0.68845,False,False,3,1,False,108,101,7,4.266348428811626,-33.86581890213702,4.266348428811626,-33.86581890213702,0.0,False,False,nan,False
208,-0.29012093,0.8371532,-0.7381712,0.31219724,0.3542201,-0.72754395,False,False,3,1,False,108,101,7,4.448385795767167,-29.417433106369856,4.448385795767167,-29.417433106369856,0.0,False,False,nan,False
209,-0.29777178,0.843432,-0.728263,0.28766313,0.31570384,-0.77032554,False,False,3,1,False,108,101,7,4.822148379131421,-24.595284727238436,4.822148379131421,-24.595284727238436,0.0,False,False,nan,False
210,-0.30535978,0.84916335,-0.71972823,0.26271123,0.27536374,-0.8068031,False,False,3,1,False,108,101,7,4.893610869531501,-19.701673857706936,4.893610869531501,-19.701673857706936,0.0,False,False,nan,False
211,-0.31285995,0.8543478,-0.7081331,0.23773621,0.23261823,-0.8549112,False,False,3,1,False,108,101,7,5.4215066382186885,-14.280167219488249,5.4215066382186885,-14.280167219488249,0.0,False,False,nan,False
212,-0.32028738,0.8589944,-0.6983689,0.21289544,0.18781464,-0.896073,False,False,3,1,False,108,101,7,5.444676830743391,-8.835490388744859,5.444676830743391,-8.835490388744859,0.0,False,False,nan,False
213,-0.32765,0.86307937,-0.68978554,0.18678115,0.14128865,-0.9305212,False,False,3,1,False,108,101,7,5.528164607996701,-3.3073257807481573,5.528164607996701,-3.3073257807481573,0.0,False,False,nan,False
214,-0.33493552,0.86661243,-0.67971426,0.1609373,0.09272854,-0.9712041,False,False,3,1,False,108,101,7,5.8474183471171,2.5400925663689424,5.8474183471171,2.5400925663689424,0.0,False,False,nan,False
215,-0.34215155,0.8695759,-0.67073166,0.13409202,0.04239178,-1.006737,False,False,3,1,False,108,101,7,5.915707602292032,8.455800168660975,5.915707602292032,8.455800168660975,0.0,False,False,nan,False
216,-0.34926954,0.87197256,-0.6583129,0.107191235,-0.0104159955,-1.0561577,False,False,3,1,False,108,101,7,4.384325289915496,12.84012545857647,4.384325289915496,12.84012545857647,0.0,False,False,nan,False
217,-0.35631055,0.8738169,-0.64870965,0.080682665,-0.065133736,-1.0943573,False,False,3,1,False,108,101,7,-4.6091281189562485,8.23099733962022,-4.6091281189562485,8.23099733962022,0.0,False,False,nan,False
218,-0.36328173,0.87509984,-0.64020014,0.053575207,-0.121547915,-1.1282861,False,False,3,1,False,108,101,7,-4.928319306938675,3.3026780326815457,-4.928319306938675,3.3026780326815457,0.0,False,False,nan,False
219,-0.3701725,0.8758146,-0.6306108,0.025966404,-0.17989399,-1.1669241,False,False,3,1,False,108,101,7,-5.067497279827079,-1.7648192471455335,-5.067497279827079,-1.7648192471455335,0.0,False,False,nan,False
220,-0.37697005,0.8759414,-0.61965317,-0.0027825485,-0.24051945,-1.2125124,False,False,3,1,False,108,101,7,-5.222307558886825,-6.987126806032358,-5.222307558886825,-6.987126806032358,0.0,False,False,nan,False
221,-0.3836946,0.87549335,-0.6115972,-0.031071523,-0.30283365,-1.246287,False,False,3,1,False,108,101,7,-5.760857975851109,-12.747984781883467,-5.760857975851109,-12.747984781883467,0.0,False,False,nan,False
222,-0.3903318,0.87445897,-0.60206383,-0.060126383,-0.36721176,-1.287566,False,False,3,1,False,108,101,7,-5.908966602997196,-18.656951384880664,-5.908966602997196,-18.656951384880664,0.0,False,False,nan,False
223,-0.39689326,0.87283015,-0.5943146,-0.089661695,-0.43339628,-1.323694,False,False,3,1,False,108,101,7,-6.367601780231495,-25.02455316511216,-6.367601780231495,-25.02455316511216,0.0,False,False,nan,False
224,-0.40335622,0.8706052,-0.58425176,-0.119591884,-0.501892,-1.3699178,False,False,3,1,False,108,101,7,-6.479561796959557,-31.504114962071718,-6.479561796959557,-31.504114962071718,0.0,False,False,nan,False
225,-0.40973917,0.8677823,-0.5769371,-0.14962047,-0.572243,-1.4070244,False,False,3,1,False,108,101,7,-7.045478168405679,-38.5495931304774,-7.045478168405679,-38.5495931304774,0.0,False,False,nan,False
226,-0.4160317,0.86434364,-0.5687726,-0.18069561,-0.6448263,-1.4516723,False,False,3,1,False,108,101,7,-7.325055637188995,-45.87464876766639,-7.325055637188995,-45.87464876766639,0.0,False,False,nan,False
227,-0.4222397,0.86028975,-0.5619279,-0.21179967,-0.7194638,-1.4927561,False,False,3,1,False,108,101,7,-7.773783319414377,-53.64843208708077,-7.773783319414377,-53.64843208708077,0.0,False,False,nan,False
228,-0.42836195,0.8556125,-0.55553925,-0.2433544,-0.796227,-1.5352705,False,False,3,1,False,108,101,7,-8.157601171352722,-61.806033258433494,-8.157601171352722,-61.806033258433494,0.0,False,False,nan,False
229,-0.43439132,0.8503013,-0.54894847,-0.2755337,-0.8753433,-1.5823338,False,False,3,1,False,108,101,7,-8.511304269249079,-70.31733752768257,-8.511304269249079,-70.31733752768257,0.0,False,False,nan,False
230,-0.44034028,0.844365,-0.5446284,-0.30708775,-0.95636857,-1.6205122,False,False,3,1,False,108,101,7,-8.979953179047838,-79.29729070673041,-8.979953179047838,-79.29729070673041,0.0,False,False,nan,False
231,-0.44619593,0.8377859,-0.5395012,-0.33957243,-1.0397145,-1.6669248,False,False,3,1,False,108,101,7,-9.278982674255898,-88.57627338098631,-9.278982674255898,-88.57627338098631,0.0,False,False,nan,False
232,-0.45196033,0.83054155,-0.53527814,-0.3731009,-1.1256524,-1.7187697,False,False,3,1,False,108,101,7,-9.7596974847535,-98.33597086573981,-9.7596974847535,-98.33597086573981,0.0,False,False,nan,False
233,-0.45763478,0.822657,-0.5323043,-0.40494743,-1.2135377,-1.757714,False,False,3,1,False,108,101,7,-10.036271406123573,-108.37224227186339,-10.036271406123573,-108.37224227186339,0.0,False,False,nan,False
234,-0.46322012,0.8141001,-0.5300261,-0.43825486,-1.3038551,-1.8063577,False,False,3,1,True,109,101,8,-10.48172103332959,-118.85396330519298,-10.48172103332959,-118.85396330519298,0.0,False,False,nan,False
235,-0.46874848,0.80507183,-0.5327259,-0.45913848,-1.3918481,-1.7598702,False,False,1,1,False,109,101,8,-9.87615550356591,-128.73011880875887,-9.87615550356591,-128.73011880875887,0.0,False,False,nan,False
236,-0.4742213,0.7955768,-0.53515303,-0.47905794,-1.4771821,-1.7066892,False,False,1,1,False,109,101,8,-9.520105725660953,-138.25022453441983,-9.520105725660953,-138.25022453441983,0.0,False,False,nan,False
237,-0.47963896,0.78561115,-0.5370235,-0.49857754,-1.5597388,-1.6511381,False,False,1,1,False,109,101,8,-9.165538071286248,-147.41576260570608,-9.165538071286248,-147.41576260570608,0.0,False,False,nan,False
238,-0.48499885,0.77514654,-0.53800434,-0.5192692,-1.6399902,-1.6050333,False,False,1,1,False,109,101,8,-8.940557901661775,-156.35632050736785,-8.940557901661775,-156.35632050736785,0.0,False,False,nan,False
239,-0.4902946,0.7641608,-0.5378185,-0.5408398,-1.7182792,-1.5657885,False,False,1,1,False,109,101,8,-8.715043558449421,-165.07136406581728,-8.715043558449421,-165.07136406581728,0.0,False,False,nan,False
240,-0.4955229,0.7526702,-0.5366808,-0.5610459,-1.7940886,-1.5161916,False,False,1,1,False,109,101,8,-8.299566813278345,-173.37093087909562,-8.299566813278345,-173.37093087909562,0.0,False,False,nan,False
241,-0.500686,0.74068695,-0.5350193,-0.5802602,-1.867053,-1.4592932,False,False,1,1,False,109,101,8,-7.903017128738695,-181.27394800783432,-7.903017128738695,-181.27394800783432,0.0,False,False,nan,False
242,-0.5057902,0.72818774,-0.5334359,-0.60064155,-1.9376328,-1.4116013,False,False,1,1,False,109,101,8,-7.7504487455890105,-189.02439675342333,-7.7504487455890105,-189.02439675342333,0.0,False,False,nan,False
243,-0.510831,0.71516836,-0.5308033,-0.6210876,-2.0058131,-1.363612,False,False,1,1,False,109,101,8,-7.44263455453759,-196.46703130796092,-7.44263455453759,-196.46703130796092,0.0,False,False,nan,False
244,-0.5158012,0.7016194,-0.5268924,-0.64192986,-2.071655,-1.3168441,False,False,1,1,False,109,101,8,-7.155468861550985,-203.6225001695119,-7.155468861550985,-203.6225001695119,0.0,False,False,nan,False
245,-0.5207046,0.6875552,-0.5226706,-0.66191864,-2.1348681,-1.2642608,False,False,1,1,False,109,101,8,-6.809627675991776,-210.4321278455037,-6.809627675991776,-210.4321278455037,0.0,False,False,nan,False
246,-0.5255241,0.6729767,-0.5159868,-0.68175876,-2.195179,-1.2062212,False,False,1,1,False,109,101,8,-6.36011544784597,-216.79224329334966,-6.36011544784597,-216.79224329334966,0.0,False,False,nan,False
247,-0.53028715,0.6578543,-0.5120803,-0.7034486,-2.2535007,-1.1664388,False,False,1,1,False,109,101,8,-6.482363154968282,-223.27460644831794,-6.482363154968282,-223.27460644831794,0.0,False,False,nan,False
248,-0.5349918,0.64217347,-0.50770617,-0.7259319,-2.3100388,-1.1307634,False,False,1,1,False,109,101,8,-6.345284827417259,-229.6198912757352,-6.345284827417259,-229.6198912757352,0.0,False,False,nan,False
249,-0.5396111,0.6259582,-0.49966407,-0.74696904,-2.3639174,-1.0775706,False,False,1,1,False,109,101,8,-5.761790724181394,-235.3816819999166,-5.761790724181394,-235.3816819999166,0.0,False,False,nan,False
250,-0.5441653,0.6091755,-0.49387044,-0.7699816,-2.415998,-1.0416135,False,False,1,1,False,109,101,8,-5.884585834336774,-241.26626783425337,-5.884585834336774,-241.26626783425337,0.0,False,False,nan,False
251,-0.54864913,0.59183496,-0.48703352,-0.7925373,-2.4660213,-1.0004733,False,False,1,1,False,109,101,8,-5.598307044323604,-246.86457487857697,-5.598307044323604,-246.86457487857697,0.0,False,False,nan,False
252,-0.5530609,0.5739382,-0.47968596,-0.8150968,-2.5139246,-0.9580677,False,False,1,1,False,109,101,8,-5.377286604264184,-252.24186148284116,-5.377286604264184,-252.24186148284116,0.0,False,False,nan,False
253,-0.5573948,0.55549043,-0.47131768,-0.83747035,-2.5595174,-0.9118617,False,False,1,1,False,109,101,8,-5.099446843653623,-257.34130832649475,-5.099446843653623,-257.34130832649475,0.0,False,False,nan,False
254,-0.5616523,0.53647995,-0.4629836,-0.86056334,-2.6029732,-0.86911535,False,False,1,1,False,109,101,8,-4.974087863950188,-262.3153961904449,-4.974087863950188,-262.3153961904449,0.0,False,False,nan,False
255,-0.5658217,0.5169163,-0.45294365,-0.883253,-2.6439316,-0.81916827,False,False,1,1,False,109,101,8,-4.636761921043415,-266.9521581114883,-4.636761921043415,-266.9521581114883,0.0,False,False,nan,False
256,-0.5699042,0.4967974,-0.44284916,-0.9061924,-2.6824408,-0.77018625,False,False,1,1,False,109,101,8,-4.445176174099202,-271.3973342855875,-4.445176174099202,-271.3973342855875,0.0,False,False,nan,False
257,-0.57391906,0.476114,-0.43498093,-0.9298472,-2.7190325,-0.7318349,False,False,1,1,False,109,101,8,-4.449637611371627,-275.8469718969591,-4.449637611371627,-275.8469718969591,0.0,False,False,nan,False
258,-0.5778563,0.4548731,-0.4257165,-0.9532374,-2.7534235,-0.6878256,False,False,1,1,False,109,101,8,-4.182270150915797,-280.02924204787485,-4.182270150915797,-280.02924204787485,0.0,False,False,nan,False
259,-0.581699,0.4330709,-0.41430196,-0.9768411,-2.7852607,-0.63674545,False,False,1,1,False,109,101,8,-3.9020616231087772,-283.9313036709836,-3.9020616231087772,-283.9313036709836,0.0,False,False,nan,False
260,-0.5854614,0.4106884,-0.40462452,-1.0015388,-2.8150222,-0.5952319,False,False,1,1,False,109,101,8,-3.9116494223099196,-287.8429530932935,-3.9116494223099196,-287.8429530932935,0.0,False,False,nan,False
261,-0.5891565,0.3877232,-0.39651477,-1.026518,-2.843041,-0.56037533,False,False,1,1,False,109,101,8,-3.8717930079930327,-291.7147461012865,-3.8717930079930327,-291.7147461012865,0.0,False,False,nan,False
262,-0.5927797,0.3641696,-0.38776544,-1.0518281,-2.8692346,-0.5238702,False,False,1,1,False,109,101,8,-3.7500120129828063,-295.4647581142693,-3.7500120129828063,-295.4647581142693,0.0,False,False,nan,False
263,-0.5963096,0.34004927,-0.37620908,-1.0761645,-2.8929622,-0.4745516,False,False,1,1,False,109,101,8,-3.3774441778716366,-298.8422022921409,-3.3774441778716366,-298.8422022921409,0.0,False,False,nan,False
264,-0.5997662,0.3153534,-0.3671232,-1.1010736,-2.9147627,-0.43600935,False,False,1,1,False,109,101,8,-3.390256135212239,-302.2324584273531,-3.390256135212239,-302.2324584273531,0.0,False,False,nan,False
265,-0.6031454,0.29007956,-0.357492,-1.1261704,-2.9345505,-0.39575508,False,False,1,1,False,109,101,8,-3.263035391691487,-305.49549381904455,-3.263035391691487,-305.49549381904455,0.0,False,False,nan,False
266,-0.60645723,0.26422358,-0.34909785,-1.1515639,-2.9525943,-0.36087558,False,False,1,1,False,109,101,8,-3.235019261330676,-308.7305130803752,-3.235019261330676,-308.7305130803752,0.0,False,False,nan,False
267,-0.6096943,0.23779036,-0.33975476,-1.1767784,-2.9686973,-0.32205975,False,False,1,1,False,109,101,8,-3.0838145739926675,-311.81432765436784,-3.0838145739926675,-311.81432765436784,0.0,False,False,nan,False
268,-0.6128714,0.21077521,-0.33224148,-1.2023046,-2.9832437,-0.29093388,False,False,1,1,False,109,101,8,-3.1047316510433505,-314.91905930541117,-3.1047316510433505,-314.91905930541117,0.0,False,False,nan,False
269,-0.61598504,0.18317586,-0.32430005,-1.2279644,-2.99616,-0.25832683,False,False,1,1,False,109,101,8,-3.045733138638836,-317.96479244405,-3.045733138638836,-317.96479244405,0.0,False,False,nan,False
270,-0.6190383,0.15499271,-0.31672055,-1.2536569,-3.0075212,-0.2272243,False,False,1,1,False,109,101,8,-3.014407480540767,-320.9791999245907,-3.014407480540767,-320.9791999245907,0.0,False,False,nan,False
271,-0.62200993,0.12623149,-0.30647033,-1.2790865,-3.0167856,-0.1852917,False,False,1,1,False,109,101,8,-2.83508693420046,-323.81428685879115,-2.83508693420046,-323.81428685879115,0.0,False,False,nan,False
272,-0.62488955,0.09689463,-0.29490286,-1.3044264,-3.0236895,-0.13807735,False,False,1,1,False,109,101,8,-2.6928749827480645,-326.5071618415392,-2.6928749827480645,-326.5071618415392,0.0,False,False,nan,False
273,-0.6276969,0.06697405,-0.285824,-1.3301952,-3.028748,-0.10117252,False,False,1,1,False,109,101,8,-2.7471288947203605,-329.2542907362595,-2.7471288947203605,-329.2542907362595,0.0,False,False,nan,False
274,-0.6304139,0.03647877,-0.2744668,-1.3555537,-3.0314913,-0.054863818,False,False,1,1,False,109,101,8,-2.575622025666148,-331.82991276192564,-2.575622025666148,-331.82991276192564,0.0,False,False,nan,False
275,-0.633036,0.0054053045,-0.26253548,-1.3810661,-3.031812,-0.0064117694,False,False,1,1,False,109,101,8,-2.4948488700073015,-334.3247616319329,-2.4948488700073015,-334.3247616319329,0.0,False,False,nan,False
276,-0.63557917,-0.026245262,-0.25259513,-1.4065644,-3.0301056,0.03412673,False,False,1,1,False,109,101,8,-2.4922401825364475,-336.81700181446934,-2.4922401825364475,-336.81700181446934,0.0,False,False,nan,False
277,-0.6380336,-0.058483448,-0.24146466,-1.4325062,-3.026154,0.07903324,False,False,1,1,False,109,101,8,-2.4585141282163065,-339.2755159426856,-2.4585141282163065,-339.2755159426856,0.0,False,False,nan,False
278,-0.64042664,-0.091310754,-0.23375893,-1.4585531,-3.0206425,0.11022644,False,False,1,1,False,109,101,8,-2.5435354547028326,-341.8190513973884,-2.5435354547028326,-341.8190513973884,0.0,False,False,nan,False
279,-0.6427252,-0.12472693,-0.22191665,-1.4845,-3.0127447,0.15795906,False,False,1,1,False,109,101,8,-2.404351148898313,-344.2234025462867,-2.404351148898313,-344.2234025462867,0.0,False,False,nan,False
280,-0.64494455,-0.15871893,-0.2119492,-1.5098612,-3.002804,0.19881344,False,False,1,1,False,109,101,8,-2.3500981346844854,-346.57350068097116,-2.3500981346844854,-346.57350068097116,0.0,False,False,nan,False
281,-0.6507768,-0.18436202,-0.77609974,-0.6550888,-2.8847616,4.6240087,False,False,1,1,False,109,101,8,-100,-446.57350068097116,-100,-446.57350068097116,0.0,True,False,nan,False
