step,x,y,vx,vy,angle,angular_velocity,left_leg_contact,right_leg_contact,navigation_action,current_fps,fresh_observation,n_fresh_observations,n_fresh_observations_before_touchdown,n_fresh_observations_after_touchdown,instant_nav_reward,cumulative_nav_reward,instant_adaptive_reward,cumulative_adaptive_reward,instant_frame_penalty,terminated,truncated,vy_at_touchdown,success
1,-0.006011009,1.4038825,-0.29849073,-0.16898118,0.005124674,0.031857565,False,False,3,10,True,2,2,0,-0.10377194358360839,-0.10377194358360839,-0.10377194358360839,-0.10377194358360839,0.0,False,False,nan,False
2,-0.008919239,1.3994875,-0.29090223,-0.19533238,0.005193052,0.001367968,False,False,3,10,False,2,2,0,-0.3383656528822019,-0.4421375964658103,-0.3383656528822019,-0.4421375964658103,0.0,False,False,nan,False
3,-0.01174097,1.3944883,-0.28003767,-0.22218288,0.0030834565,-0.042195864,False,False,3,10,False,2,2,0,-0.02862024630508017,-0.4707578427708905,-0.02862024630508017,-0.4707578427708905,0.0,False,False,nan,False
4,-0.01446867,1.3888886,-0.26824084,-0.2488783,-0.0013894266,-0.089466,False,False,3,10,False,2,2,0,-0.14747186405918342,-0.6182297068300739,-0.14747186405918342,-0.6182297068300739,0.0,False,False,nan,False
5,-0.017112637,1.3826874,-0.2577471,-0.2756273,-0.007962369,-0.13147108,False,False,3,10,False,2,2,0,-1.2152194221930006,-1.8334491290230746,-1.2152194221930006,-1.8334491290230746,0.0,False,False,nan,False
6,-0.019673824,1.3758881,-0.24736412,-0.30226126,-0.016611513,-0.17299913,False,False,3,10,True,3,3,0,-1.5397625597789204,-3.373211688801995,-1.5397625597789204,-3.373211688801995,0.0,False,False,nan,False
7,-0.02223463,1.36849,-0.2473382,-0.32893482,-0.025258834,-0.17296244,False,False,0,10,False,3,3,0,-2.226259428882969,-5.599471117684963,-2.226259428882969,-5.599471117684963,0.0,False,False,nan,False
8,-0.024795245,1.3604927,-0.24731258,-0.35560858,-0.033905204,-0.17294358,False,False,0,10,False,3,3,0,-2.2295682517225828,-7.829039369407546,-2.2295682517225828,-7.829039369407546,0.0,False,False,nan,False
9,-0.027355576,1.3518963,-0.24728747,-0.3822823,-0.04255021,-0.17291614,False,False,0,10,False,3,3,0,-2.2239108879843172,-10.052950257391863,-2.2239108879843172,-10.052950257391863,0.0,False,False,nan,False
10,-0.029915523,1.3427008,-0.24726233,-0.40895626,-0.05119385,-0.1728886,False,False,0,10,False,3,3,0,-2.210788624203218,-12.263738881595081,-2.210788624203218,-12.263738881595081,0.0,False,False,nan,False
11,-0.032475185,1.3329062,-0.24723735,-0.43563053,-0.059836097,-0.17286113,False,False,0,10,True,4,4,0,-2.1914209071404684,-14.45515978873555,-2.1914209071404684,-14.45515978873555,0.0,False,False,nan,False
12,-0.035034657,1.3225127,-0.24721253,-0.46230504,-0.068477005,-0.17283416,False,False,0,10,False,4,4,0,-2.166815849557878,-16.621975638293428,-2.166815849557878,-16.621975638293428,0.0,False,False,nan,False
13,-0.037593745,1.31152,-0.24718785,-0.4889798,-0.07711657,-0.17280723,False,False,0,10,False,4,4,0,-2.1377586209658546,-18.759734259259282,-2.1377586209658546,-18.759734259259282,0.0,False,False,nan,False
14,-0.040152453,1.2999284,-0.24716339,-0.5156548,-0.08575478,-0.17278011,False,False,0,10,False,4,4,0,-2.105006359774137,-20.86474061903342,-2.105006359774137,-20.86474061903342,0.0,False,False,nan,False
15,-0.042710878,1.2877377,-0.24713907,-0.54232997,-0.09439167,-0.17275327,False,False,0,10,False,4,4,0,-2.069048205129633,-22.933788824163052,-2.069048205129633,-22.933788824163052,0.0,False,False,nan,False
16,-0.045269012,1.2749478,-0.24711494,-0.56900537,-0.1030272,-0.17272654,False,False,0,10,True,5,5,0,-2.03037919468494,-24.964168018847992,-2.03037919468494,-24.964168018847992,0.0,False,False,nan,False
17,-0.047826767,1.2615588,-0.24709103,-0.5956811,-0.11166141,-0.17269987,False,False,0,10,False,5,5,0,-1.9894251228312783,-26.95359314167927,-1.9894251228312783,-26.95359314167927,0.0,False,False,nan,False
18,-0.050384235,1.2475708,-0.2470673,-0.622357,-0.12029429,-0.17267348,False,False,0,10,False,5,5,0,-1.9465092279228884,-28.90010236960216,-1.9465092279228884,-28.90010236960216,0.0,False,False,nan,False
19,-0.052941322,1.2329837,-0.24704373,-0.6490332,-0.12892585,-0.17264701,False,False,0,10,False,5,5,0,-1.9018817440212956,-30.801984113623455,-1.9018817440212956,-30.801984113623455,0.0,False,False,nan,False
20,-0.055498026,1.2177975,-0.24702036,-0.6757096,-0.13755608,-0.17262055,False,False,0,10,False,5,5,0,-1.8557945612287767,-32.65777867485223,-1.8557945612287767,-32.65777867485223,0.0,False,False,nan,False
21,-0.058054544,1.2020123,-0.2469972,-0.70238626,-0.14618503,-0.17259441,False,False,0,10,True,6,6,0,-1.808451056366465,-34.4662297312187,-1.808451056366465,-34.4662297312187,0.0,False,False,nan,False
22,-0.060423948,1.1869456,-0.22857714,-0.67047113,-0.15454966,-0.16730784,False,False,2,10,False,6,6,0,3.97521839646235,-30.491011334756347,3.97521839646235,-30.491011334756347,0.0,False,False,nan,False
23,-0.06276493,1.1725526,-0.22526011,-0.6406266,-0.16339077,-0.1768378,False,False,2,10,False,6,6,0,3.1697582221355676,-27.32125311262078,3.1697582221355676,-27.32125311262078,0.0,False,False,nan,False
24,-0.06512356,1.1581765,-0.22665596,-0.6399754,-0.17262253,-0.184652,False,False,2,10,False,6,6,0,0.21430218046982646,-27.106950932150955,0.21430218046982646,-27.106950932150955,0.0,False,False,nan,False
25,-0.06738949,1.1443512,-0.21720198,-0.61557746,-0.18204193,-0.18838768,False,False,2,10,False,6,6,0,2.7406814703241595,-24.366269461826796,2.7406814703241595,-24.366269461826796,0.0,False,False,nan,False
26,-0.06959677,1.1307157,-0.21116838,-0.60722345,-0.19163506,-0.19186263,False,False,2,10,True,7,7,0,1.0764032011114295,-23.289866260715367,1.0764032011114295,-23.289866260715367,0.0,False,False,nan,False
27,-0.07189007,1.1165121,-0.22204289,-0.6322419,-0.19897136,-0.14672616,False,False,1,10,False,7,7,0,-2.081015837236548,-25.370882097951917,-2.081015837236548,-25.370882097951917,0.0,False,False,nan,False
28,-0.07426424,1.1017343,-0.23222184,-0.6574958,-0.20420375,-0.10464817,False,False,1,10,False,7,7,0,-1.8143900429773498,-27.185272140929268,-1.8143900429773498,-27.185272140929268,0.0,False,False,nan,False
29,-0.07670031,1.0863882,-0.24006729,-0.6825402,-0.20777307,-0.071386315,False,False,1,10,False,7,7,0,-1.4955441832854592,-28.680816324214728,-1.4955441832854592,-28.680816324214728,0.0,False,False,nan,False
30,-0.079210855,1.0704713,-0.24946678,-0.7076425,-0.20937845,-0.03210718,False,False,1,10,False,7,7,0,-1.3010144304530218,-29.98183075466775,-1.3010144304530218,-29.98183075466775,0.0,False,False,nan,False
31,-0.08179207,1.0539745,-0.25835246,-0.7331626,-0.20915318,0.004505653,False,False,1,10,True,8,8,0,-1.0842736961633352,-31.066104450831087,-1.0842736961633352,-31.066104450831087,0.0,False,False,nan,False
32,-0.08430691,1.0382953,-0.25110558,-0.6969087,-0.20953536,-0.0076436596,False,False,2,10,False,8,8,0,4.863206330852802,-26.202898119978286,4.863206330852802,-26.202898119978286,0.0,False,False,nan,False
33,-0.08675766,1.0225744,-0.24462704,-0.69876903,-0.20998581,-0.009009033,False,False,2,10,False,8,8,0,1.2429135022579316,-24.959984617720355,1.2429135022579316,-24.959984617720355,0.0,False,False,nan,False
34,-0.088958934,1.0069991,-0.22032349,-0.69221056,-0.2097871,0.0039742524,False,False,2,10,False,8,8,0,2.6449500403779327,-22.315034577342423,2.6449500403779327,-22.315034577342423,0.0,False,False,nan,False
35,-0.090901755,0.99156004,-0.19516596,-0.68605155,-0.20889206,0.017900072,False,False,2,10,False,8,8,0,2.625432533132437,-19.689602044209987,2.625432533132437,-19.689602044209987,0.0,False,False,nan,False
36,-0.092580035,0.97651005,-0.16926777,-0.6686872,-0.20743252,0.029190924,False,False,2,5,True,9,9,0,3.6782036813444394,-16.01139836286555,3.6782036813444394,-16.01139836286555,0.0,False,False,nan,False
37,-0.094043925,0.9618137,-0.14819646,-0.65291584,-0.20560884,0.03647379,False,False,2,5,False,9,9,0,3.356729477600436,-12.654668885265114,3.356729477600436,-12.654668885265114,0.0,False,False,nan,False
38,-0.09541597,0.9480719,-0.13845894,-0.6105736,-0.20434871,0.025202755,False,False,2,5,False,9,9,0,5.52466489981789,-7.130003985447224,5.52466489981789,-7.130003985447224,0.0,False,False,nan,False
39,-0.09667492,0.93450665,-0.12717414,-0.6027216,-0.20306249,0.025724623,False,False,2,5,False,9,9,0,2.1737096495922517,-4.956294335854972,2.1737096495922517,-4.956294335854972,0.0,False,False,nan,False
40,-0.09770241,0.92121065,-0.104527935,-0.59069455,-0.20126812,0.03588727,False,False,2,5,False,9,9,0,2.8031587523107193,-2.1531355835442527,2.8031587523107193,-2.1531355835442527,0.0,False,False,nan,False
41,-0.09850502,0.9087692,-0.08216249,-0.55269706,-0.19935173,0.03832773,False,False,2,5,False,9,9,0,5.2302426707787335,3.077107087234481,5.2302426707787335,3.077107087234481,0.0,False,False,nan,False
42,-0.099264145,0.8963914,-0.07760765,-0.5498941,-0.19764373,0.034160003,False,False,2,5,False,9,9,0,1.4356659488540913,4.512773036088572,1.4356659488540913,4.512773036088572,0.0,False,False,nan,False
43,-0.09986095,0.8842262,-0.0616131,-0.54041255,-0.19569159,0.03904302,False,False,2,5,False,9,9,0,2.2405720873841632,6.7533451234727355,2.2405720873841632,6.7533451234727355,0.0,False,False,nan,False
44,-0.10050354,0.87228084,-0.06550555,-0.5307411,-0.1944394,0.025043864,False,False,2,5,False,9,9,0,1.9192957597268616,8.672640883199596,1.9192957597268616,8.672640883199596,0.0,False,False,nan,False
45,-0.10108833,0.8607984,-0.059360247,-0.51021516,-0.19355874,0.017613212,False,False,2,5,False,9,9,0,3.0330221046329315,11.705662987832529,3.0330221046329315,11.705662987832529,0.0,False,False,nan,False
46,-0.101594254,0.84975857,-0.051206835,-0.49058384,-0.19293839,0.012406914,False,False,2,5,True,10,10,0,2.893153010169482,14.59881599800201,2.893153010169482,14.59881599800201,0.0,False,False,nan,False
47,-0.102186106,0.83815044,-0.062050134,-0.5155479,-0.19006333,0.057501215,False,False,1,5,False,10,10,0,-1.199086394633439,13.399729603368572,-1.199086394633439,13.399729603368572,0.0,False,False,nan,False
48,-0.102869704,0.82597464,-0.073610984,-0.54047984,-0.18479082,0.105450094,False,False,1,5,False,10,10,0,-0.9227739820659042,12.476955621302668,-0.9227739820659042,12.476955621302668,0.0,False,False,nan,False
49,-0.1036108,0.81322247,-0.08086462,-0.5659382,-0.17800638,0.13568887,False,False,1,5,False,10,10,0,-0.7172665164584078,11.759689104844261,-0.7172665164584078,11.759689104844261,0.0,False,False,nan,False
50,-0.104410745,0.79988164,-0.08826016,-0.59196055,-0.16972123,0.1657032,False,False,1,5,False,10,10,0,-0.570379560363391,11.18930954448087,-0.570379560363391,11.18930954448087,0.0,False,False,nan,False
51,-0.10528536,0.7859642,-0.09767376,-0.61742455,-0.15950112,0.20440228,False,False,1,5,False,10,10,0,-0.2995697064913816,10.88973983798949,-0.2995697064913816,10.88973983798949,0.0,False,False,nan,False
52,-0.10623179,0.7714595,-0.10670893,-0.64339733,-0.14745297,0.24096313,False,False,1,5,False,10,10,0,-0.10902227855026922,10.780717559439221,-0.10902227855026922,10.780717559439221,0.0,False,False,nan,False
53,-0.107252695,0.75637263,-0.116088435,-0.6692057,-0.13349918,0.27907568,False,False,1,5,False,10,10,0,0.1440330829482275,10.92475064238745,0.1440330829482275,10.92475064238745,0.0,False,False,nan,False
54,-0.10834074,0.7407017,-0.12455018,-0.6951536,-0.117829785,0.3133878,False,False,1,5,False,10,10,0,0.37020954875629397,11.294960191143744,0.37020954875629397,11.294960191143744,0.0,False,False,nan,False
55,-0.10951348,0.72445005,-0.13523278,-0.72096866,-0.09999818,0.35663217,False,False,1,5,False,10,10,0,0.6115298181904347,11.90649000933418,0.6115298181904347,11.90649000933418,0.0,False,False,nan,False
56,-0.110762596,0.70761037,-0.14484802,-0.7472154,-0.08023507,0.3952626,False,False,1,5,True,11,11,0,0.833367923632893,12.739857932967073,0.833367923632893,12.739857932967073,0.0,False,False,nan,False
57,-0.11194763,0.69017917,-0.13686654,-0.77383846,-0.062064245,0.36341667,False,False,3,5,False,11,11,0,1.0174857180510355,13.75734365101811,1.0174857180510355,13.75734365101811,0.0,False,False,nan,False
58,-0.113056086,0.67213297,-0.1272544,-0.80144715,-0.045837183,0.3245414,False,False,3,5,False,11,11,0,0.7913148513477506,14.54865850236586,0.7913148513477506,14.54865850236586,0.0,False,False,nan,False
59,-0.114069365,0.6534757,-0.115338825,-0.82884383,-0.03200682,0.2766073,False,False,3,5,False,11,11,0,0.6405151536929179,15.18917365605878,0.6405151536929179,15.18917365605878,0.0,False,False,nan,False
60,-0.114990994,0.63421786,-0.103825495,-0.8556989,-0.020483442,0.23046756,False,False,3,5,False,11,11,0,0.4877777550800044,15.676951411138784,0.4877777550800044,15.676951411138784,0.0,False,False,nan,False
61,-0.11585255,0.6143675,-0.09631333,-0.8821376,-0.010462504,0.2004188,False,False,3,5,False,11,11,0,0.3678539421297853,16.04480535326857,0.3678539421297853,16.04480535326857,0.0,False,False,nan,False
62,-0.1166379,0.5939261,-0.08674814,-0.9084706,-0.0023557995,0.16213444,False,False,3,5,False,11,11,0,0.2508367373650071,16.295642090633574,0.2508367373650071,16.295642090633574,0.0,False,False,nan,False
63,-0.1173296,0.57287836,-0.07499324,-0.93545526,0.0033965113,0.11504616,False,False,3,5,False,11,11,0,-0.6693533173891228,15.626288773244452,-0.6693533173891228,15.626288773244452,0.0,False,False,nan,False
64,-0.117927454,0.55123943,-0.063216686,-0.96173877,0.0067898976,0.06786763,False,False,3,5,False,11,11,0,-0.7993743490279985,14.826914424216454,-0.7993743490279985,14.826914424216454,0.0,False,False,nan,False
65,-0.11842795,0.529011,-0.051016014,-0.98793614,0.0077387416,0.018977072,False,False,3,5,False,11,11,0,-0.5079589382874008,14.318955485929054,-0.5079589382874008,14.318955485929054,0.0,False,False,nan,False
66,-0.118859485,0.5061775,-0.042363383,-1.0148212,0.006955473,-0.015665373,False,False,3,10,True,12,12,0,-0.3809603188973074,13.937995167031747,-0.3809603188973074,13.937995167031747,0.0,False,False,nan,False
67,-0.11920281,0.483329,-0.033957276,-1.0154837,0.0065931547,-0.0072464338,False,False,2,10,False,12,12,0,1.9149909398740703,15.852986106905817,1.9149909398740703,15.852986106905817,0.0,False,False,nan,False
68,-0.11948814,0.46079808,-0.02845648,-1.0013736,0.0065170624,-0.0015217608,False,False,2,10,False,12,12,0,3.3122881969045013,19.165274303810317,3.3122881969045013,19.165274303810317,0.0,False,False,nan,False
69,-0.11986856,0.43903184,-0.037541743,-0.9673846,0.0060283886,-0.009773661,False,False,2,10,False,12,12,0,5.209031221369384,24.3743055251797,5.209031221369384,24.3743055251797,0.0,False,False,nan,False
70,-0.12021933,0.41823158,-0.03475268,-0.9244584,0.005705117,-0.0064653107,False,False,2,10,False,12,12,0,6.0259227524029315,30.40022827758263,6.0259227524029315,30.40022827758263,0.0,False,False,nan,False
71,-0.12057028,0.3982899,-0.034792826,-0.88629764,0.0054063634,-0.0059750043,False,False,2,10,True,13,13,0,5.445738113748871,35.8459663913315,5.445738113748871,35.8459663913315,0.0,False,False,nan,False
72,-0.120930955,0.37922752,-0.03573917,-0.84721196,0.005087119,-0.0063851876,False,False,2,10,False,13,13,0,5.443107017596344,41.28907340892785,5.443107017596344,41.28907340892785,0.0,False,False,nan,False
73,-0.121340945,0.36093816,-0.04046538,-0.81286263,0.0045606415,-0.010529559,False,False,2,10,False,13,13,0,4.887654514361725,46.176727923289576,4.887654514361725,46.176727923289576,0.0,False,False,nan,False
74,-0.12167034,0.34257388,-0.03280084,-0.8161873,0.004413694,-0.0029386913,False,False,2,10,False,13,13,0,1.1419710123944753,47.318698935684054,1.1419710123944753,47.318698935684054,0.0,False,False,nan,False
75,-0.12183952,0.3242551,-0.017526854,-0.8141714,0.005017054,0.012067029,False,False,2,10,False,13,13,0,1.6031444480774268,48.921843383761484,1.6031444480774268,48.921843383761484,0.0,False,False,nan,False
76,-0.12206316,0.3064539,-0.022737758,-0.7911646,0.005385294,0.0073648267,False,False,2,10,True,14,14,0,3.6022015496576616,52.52404493341915,3.6022015496576616,52.52404493341915,0.0,False,False,nan,False
77,-0.12212677,0.2893872,-0.007508886,-0.75852865,0.0065154247,0.022602793,False,False,2,10,False,14,14,0,4.45623719964932,56.98028213306847,4.45623719964932,56.98028213306847,0.0,False,False,nan,False
78,-0.12212153,0.27267224,-0.0009666484,-0.74289286,0.007982812,0.029347893,False,False,2,10,False,14,14,0,2.6536177224547375,59.63389985552321,2.6536177224547375,59.63389985552321,0.0,False,False,nan,False
79,-0.12225904,0.25632656,-0.014594418,-0.72648025,0.008813581,0.016615298,False,False,2,10,False,14,14,0,2.72159286781,62.355492723333214,2.72159286781,62.355492723333214,0.0,False,False,nan,False
80,-0.12227259,0.24008454,-0.0027967973,-0.721876,0.010236716,0.028462801,False,False,2,10,False,14,14,0,1.4885214531015805,63.8440141764348,1.4885214531015805,63.8440141764348,0.0,False,False,nan,False
81,-0.12234783,0.22424577,-0.008717589,-0.70395184,0.011405431,0.023374313,False,False,2,50,True,15,15,0,2.7683503724509935,66.6123645488858,2.7683503724509935,66.6123645488858,0.0,False,False,nan,False
82,-0.122485444,0.208669,-0.014678384,-0.69231063,0.0123164235,0.018220095,False,False,2,50,True,16,16,0,2.111782611944517,68.72414716083031,2.111782611944517,68.72414716083031,0.0,False,False,nan,False
83,-0.122523785,0.19332634,-0.005255888,-0.6819065,0.013717662,0.028024787,False,False,2,50,True,17,17,0,1.9217486343238874,70.6458957951542,1.9217486343238874,70.6458957951542,0.0,False,False,nan,False
84,-0.12253876,0.17864679,-0.003077002,-0.6524406,0.015280303,0.031252712,False,False,2,50,True,18,18,0,3.7164379322222887,74.3623337273765,3.7164379322222887,74.3623337273765,0.0,False,False,nan,False
85,-0.12270908,0.1647194,-0.017952742,-0.61900496,0.016187504,0.0181442,False,False,2,50,True,19,19,0,4.050766214469303,78.4130999418458,4.050766214469303,78.4130999418458,0.0,False,False,nan,False
86,-0.12298813,0.15159267,-0.028387085,-0.5834157,0.016661309,0.009475857,False,False,2,50,True,20,20,0,4.187895181625106,82.60099512347091,4.187895181625106,82.60099512347091,0.0,False,False,nan,False
87,-0.12326612,0.13850942,-0.028317526,-0.58148426,0.017172959,0.010233047,False,False,2,50,True,21,21,0,0.8212655510439049,83.42226067451482,0.8212655510439049,83.42226067451482,0.0,False,False,nan,False
88,-0.123476885,0.12573303,-0.02196593,-0.5678484,0.018042902,0.017398907,False,False,2,50,True,22,22,0,1.9221941973637768,85.3444548718786,1.9221941973637768,85.3444548718786,0.0,False,False,nan,False
89,-0.12357807,0.113675535,-0.011583896,-0.5359069,0.019493217,0.029006183,False,False,2,50,True,23,23,0,3.6106217717470175,88.95507664362562,3.6106217717470175,88.95507664362562,0.0,False,False,nan,False
90,-0.1236309,0.10173305,-0.0070162774,-0.530798,0.021210043,0.034336325,False,False,2,50,True,24,24,0,0.8273695660876654,89.78244620971329,0.8273695660876654,89.78244620971329,0.0,False,False,nan,False
91,-0.12363424,0.09007502,-0.0023697147,-0.5181667,0.023212697,0.040053144,False,False,2,50,True,25,25,0,1.4809392847647274,91.26338549447802,1.4809392847647274,91.26338549447802,0.0,False,False,nan,False
92,-0.12354021,0.07911015,0.0068249204,-0.48737016,0.025758162,0.050909422,False,False,2,50,True,26,26,0,3.147679329386418,94.41106482386444,3.147679329386418,94.41106482386444,0.0,False,False,nan,False
93,-0.12336703,0.067546755,0.016759025,-0.5139371,0.02631388,0.011114219,False,False,3,50,True,27,27,0,-2.1597499731651753,92.25131485069926,-2.1597499731651753,92.25131485069926,0.0,False,False,nan,False
94,-0.12319889,0.056504067,0.016179683,-0.49079648,0.026936542,0.012453308,False,False,2,50,True,28,28,0,2.463453194765603,94.71476804546487,2.463453194765603,94.71476804546487,0.0,False,False,nan,False
95,-0.123114586,0.046233427,0.008075139,-0.456482,0.027285134,0.0069720782,False,False,2,50,True,29,29,0,3.51901170344522,98.23377974891008,3.51901170344522,98.23377974891008,0.0,False,False,nan,False
96,-0.12318192,0.03677102,-0.0064908927,-0.4205461,0.027050978,-0.0046832305,False,False,2,50,True,30,30,0,3.6147726627034062,101.84855241161348,3.6147726627034062,101.84855241161348,0.0,False,False,nan,False
97,-0.123189166,0.027991185,-0.00087338703,-0.3902188,0.027201172,0.0030036517,False,False,2,50,True,31,31,0,2.9450070582649177,104.7935594698784,2.9450070582649177,104.7935594698784,0.0,False,False,nan,False
98,-0.123304844,0.019755015,-0.01131234,-0.36604932,0.026945215,-0.005119146,False,False,2,50,True,32,32,0,2.270357323259444,107.06391679313785,2.270357323259444,107.06391679313785,0.0,False,False,nan,False
99,-0.12354622,0.012076673,-0.02338795,-0.34124377,0.026204003,-0.01482401,False,False,2,50,True,33,33,0,2.266323396313024,109.33024018945088,2.266323396313024,109.33024018945088,0.0,False,False,nan,False
100,-0.123701096,0.0043789125,-0.015192552,-0.34211856,0.025909418,-0.0058917133,False,False,2,50,True,34,34,0,-0.2760329013844853,109.0542072880664,-0.2760329013844853,109.0542072880664,0.0,False,False,nan,False
101,-0.123967364,-0.002968552,-0.025884215,-0.32654196,0.025175504,-0.014678275,False,True,2,50,True,35,35,0,11.239905580794716,120.2941128688611,11.239905580794716,120.2941128688611,0.0,False,False,0.32654196,True
102,-0.124349974,-0.009005203,-0.022711849,-0.26864663,0.0079938285,-0.34594998,True,True,2,50,True,36,35,1,17.147024181755842,137.44113705061696,17.147024181755842,137.44113705061696,0.0,False,False,nan,True
103,-0.12488232,-0.0132447025,-0.032839123,-0.18886636,-0.009990418,-0.35696897,True,True,2,50,True,37,35,2,7.200123627528986,144.64126067814595,7.200123627528986,144.64126067814595,0.0,False,False,nan,True
104,-0.12548724,-0.016202535,-0.04176204,-0.13169283,-0.028473148,-0.36964136,True,True,2,50,True,38,35,3,3.1115152000952735,147.75277587824124,3.1115152000952735,147.75277587824124,0.0,False,False,nan,True
105,-0.12606677,-0.017748168,-0.03955189,-0.06915446,-0.046640515,-0.36333314,True,True,2,50,True,39,35,4,3.6541403143988527,151.4069161926401,3.6541403143988527,151.4069161926401,0.0,False,False,nan,True
106,-0.12629834,-0.017701462,-0.010252211,0.0016193198,-0.059380643,-0.25477916,True,True,2,50,True,40,35,5,5.332388567556834,156.73930476019694,5.332388567556834,156.73930476019694,0.0,False,False,nan,True
107,-0.12621908,-0.016290119,0.012272807,0.062548354,-0.06366568,-0.08568698,True,True,2,1,True,41,35,6,-6.03799348757791,150.70131127261902,-6.03799348757791,150.70131127261902,0.0,False,False,nan,True
108,-0.12606946,-0.014786902,0.013626704,0.06686609,-0.062346715,0.026384046,True,True,0,1,False,41,35,6,-0.28481970321383443,150.4164915694052,-0.28481970321383443,150.4164915694052,0.0,False,False,nan,True
109,-0.12589836,-0.013300743,0.014191138,0.06616896,-0.059460983,0.0577159,True,True,0,1,False,41,35,6,0.37872588103030225,150.7952174504355,0.37872588103030225,150.7952174504355,0.0,False,False,nan,True
110,-0.125737,-0.011925164,0.014234228,0.061212298,-0.05758602,0.03750087,True,True,0,1,False,41,35,6,0.7000833060702796,151.49530075650577,0.7000833060702796,151.49530075650577,0.0,False,False,nan,True
111,-0.12559156,-0.010726716,0.014155622,0.05327799,-0.05719629,0.0077977376,True,True,0,1,False,41,35,6,0.8361213485284757,152.33142210503425,0.8361213485284757,152.33142210503425,0.0,False,False,nan,True
112,-0.12545404,-0.009737912,0.014184537,0.043930702,-0.05762591,-0.008588379,True,True,0,1,False,41,35,6,0.8750317992017216,153.20645390423596,0.8750317992017216,153.20645390423596,0.0,False,False,nan,True
113,-0.12531558,-0.008955708,0.014354326,0.034744874,-0.058127336,-0.010024588,True,True,0,1,False,41,35,6,0.826547383488748,154.03300128772472,0.826547383488748,154.03300128772472,0.0,False,False,nan,True
114,-0.12517186,-0.0083466675,0.0146047175,0.027058285,-0.0583538,-0.0045263967,True,True,0,1,False,41,35,6,0.6803991245889769,154.7134004123137,0.6803991245889769,154.7134004123137,0.0,False,False,nan,True
115,-0.12499895,-0.007971087,0.014421688,0.016800454,-0.055507746,0.056928754,True,True,0,1,False,41,35,6,1.1649811458141635,155.87838155812784,1.1649811458141635,155.87838155812784,0.0,False,False,nan,True
116,-0.124862954,-0.007692924,0.011440934,0.012437033,-0.053365324,0.04285778,True,True,0,1,False,41,35,6,0.7537967707615891,156.63217832888944,0.7537967707615891,156.63217832888944,0.0,False,False,nan,True
117,-0.12476368,-0.00746161,0.008079442,0.0103454,-0.05153894,0.036529195,True,True,0,1,False,41,35,6,0.5711963530013584,157.2033746818908,0.5711963530013584,157.2033746818908,0.0,False,False,nan,True
118,-0.12468376,-0.007227149,0.0061002662,0.010487554,-0.04966362,0.037498686,True,True,0,1,False,41,35,6,0.29626886760746274,157.49964354949827,0.29626886760746274,157.49964354949827,0.0,False,False,nan,True
119,-0.12459717,-0.0069516324,0.006454818,0.012316169,-0.04748969,0.043479167,True,True,0,1,False,41,35,6,0.05035781525788963,157.55000136475616,0.05035781525788963,157.55000136475616,0.0,False,False,nan,True
120,-0.124502756,-0.0066157486,0.0068309233,0.015009521,-0.04490547,0.051685672,True,True,0,1,False,41,35,6,0.011107371542586009,157.56110873629873,0.011107371542586009,157.56110873629873,0.0,False,False,nan,True
121,-0.12440004,-0.0062199975,0.0072096116,0.017676199,-0.04188444,0.0604209,True,True,0,1,False,41,35,6,0.0544847963474524,157.6155935326462,0.0544847963474524,157.6155935326462,0.0,False,False,nan,True
122,-0.12429047,-0.0057788636,0.007560888,0.019698298,-0.03852822,0.06712471,True,True,0,1,False,41,35,6,0.1477363479930318,157.76332988063922,0.1477363479930318,157.76332988063922,0.0,False,False,nan,True
123,-0.124176025,-0.005314305,0.007870508,0.02073511,-0.034994427,0.07067575,True,True,0,1,False,41,35,6,0.2589778861600607,158.0223077667993,0.2589778861600607,158.0223077667993,0.0,False,False,nan,True
124,-0.12405872,-0.0048489594,0.008137019,0.020760871,-0.031446476,0.0709588,True,True,0,1,False,41,35,6,0.35642367851593804,158.37873144531522,0.35642367851593804,158.37873144531522,0.0,False,False,nan,True
125,-0.123940185,-0.00440053,0.00836914,0.019998102,-0.028013233,0.068665065,True,True,0,1,False,41,35,6,0.4188242383094192,158.79755568362464,0.4188242383094192,158.79755568362464,0.0,False,False,nan,True
126,-0.12382154,-0.003978708,0.008581423,0.018806575,-0.024765953,0.06494559,True,True,0,1,False,41,35,6,0.43869037795293053,159.23624606157756,0.43869037795293053,159.23624606157756,0.0,False,False,nan,True
127,-0.12370272,-0.003584602,0.008789379,0.017564697,-0.021714417,0.061030872,True,True,0,1,False,41,35,6,0.4213185706550533,159.6575646322326,0.4213185706550533,159.6575646322326,0.0,False,False,nan,True
128,-0.12358332,-0.0032125616,0.009005512,0.016573736,-0.01881872,0.057914175,True,True,0,1,False,41,35,6,0.38040058276666144,160.03796521499928,0.38040058276666144,160.03796521499928,0.0,False,False,nan,True
129,-0.12346248,-0.002853253,0.009236983,0.016002895,-0.01601052,0.056164436,True,True,0,1,False,41,35,6,0.33227518488216745,160.37024039988145,0.33227518488216745,160.37024039988145,0.0,False,False,nan,True
130,-0.12333927,-0.0024965906,0.009485098,0.015879355,-0.0132162785,0.055885203,True,True,0,1,False,41,35,6,0.2906048337605025,160.66084523364196,0.2906048337605025,160.66084523364196,0.0,False,False,nan,True
131,-0.12321301,-0.0021345282,0.009746375,0.016115118,-0.010376391,0.056797974,True,True,0,1,False,41,35,6,0.26362593036355975,160.92447116400552,0.26362593036355975,160.92447116400552,0.0,False,False,nan,True
132,-0.12308331,-0.0017624163,0.010014477,0.016555663,-0.007456422,0.05839949,True,True,0,1,False,41,35,6,0.2539829414554138,161.17845410546093,0.2539829414554138,161.17845410546093,0.0,False,False,nan,True
133,-0.12295008,-0.0013794685,0.010282475,0.017033337,-0.004449559,0.060137175,True,True,0,1,False,41,35,6,0.2597537657775,161.43820787123843,0.2597537657775,161.43820787123843,0.0,False,False,nan,True
134,-0.12281342,-0.000987866,0.010544645,0.01741147,-0.0013717999,0.061555218,True,True,0,1,False,41,35,6,0.27589533133508937,161.7141032025735,0.27589533133508937,161.7141032025735,0.0,False,False,nan,True
135,-0.122726634,-0.0009852195,0.0086680595,0.00011759505,-0.0013631292,0.00017206898,True,True,0,1,False,41,35,6,1.1782176003311005,162.8923208029046,1.1782176003311005,162.8923208029046,0.0,False,False,nan,True
136,-0.122694016,-0.0009862208,0.003294419,-4.885572e-05,-0.0013862279,-0.00045094843,True,True,0,1,False,41,35,6,0.5383584031575452,163.43067920606217,0.5383584031575452,163.43067920606217,0.0,False,False,nan,True
137,-0.12270069,-0.0009862208,-0.00067325763,-1.4053023e-06,-0.0013761672,0.00019577704,True,True,0,1,False,41,35,6,0.26249074707636133,163.69316995313852,0.26249074707636133,163.69316995313852,0.0,False,False,nan,True
138,-0.12271528,-0.0009862208,-0.0015015514,4.442804e-07,-0.0013537441,0.00043623088,True,True,0,1,False,41,35,6,-0.08204599514365896,163.61112395799486,-0.08204599514365896,163.61112395799486,0.0,False,False,nan,True
139,-0.12272272,-0.0009862208,-0.0007529376,7.967513e-08,-0.0013425067,0.00021874913,True,True,0,1,False,41,35,6,0.07524127829423932,163.6863652362891,0.07524127829423932,163.6863652362891,0.0,False,False,nan,True
140,-0.12272272,-0.0009862208,-1.4256375e-06,1.9054627e-09,-0.0013424734,3.952172e-07,True,True,0,1,False,41,35,6,0.07515452211327656,163.7615197584024,0.07515452211327656,163.7615197584024,0.0,False,False,nan,True
141,-0.12272034,-0.0009862208,0.00024239432,-1.9473646e-08,-0.0013460942,-7.041948e-05,True,True,0,1,False,41,35,6,-0.024220532787138538,163.73729922561526,-0.024220532787138538,163.73729922561526,0.0,False,False,nan,True
142,-0.12271881,-0.0009862208,0.00015712704,-1.1566529e-08,-0.0013484274,-4.5653163e-05,True,True,0,1,False,41,35,6,0.00844599189969486,163.74574521751495,0.00844599189969486,163.74574521751495,0.0,False,False,nan,True
143,-0.12271862,-0.0009862208,2.3225719e-05,-3.2140407e-10,-0.0013487678,-6.7388546e-06,True,True,0,1,False,41,35,6,0.013375165298732838,163.75912038281368,0.013375165298732838,163.75912038281368,0.0,False,False,nan,True
144,-0.122719005,-0.0009862208,-3.576485e-05,4.0184585e-09,-0.0013482291,1.0397546e-05,True,True,0,1,False,41,35,6,-0.0012381936087102474,163.75788218920496,-0.0012381936087102474,163.75788218920496,0.0,False,False,nan,True
145,-0.12271929,-0.0009862208,-3.06199e-05,1.0965323e-09,-0.0013477652,8.899234e-06,True,True,0,1,False,41,35,6,0.0005322774072098468,163.75841446661218,0.0005322774072098468,163.75841446661218,0.0,False,False,nan,True
146,-0.122719385,-0.0009862208,-8.234818e-06,8.087104e-10,-0.0013476412,2.3919342e-06,True,True,0,1,False,41,35,6,0.002241369890162659,163.76065583650234,0.002241369890162659,163.76065583650234,0.0,False,False,nan,True
147,-0.122719385,-0.0009862208,4.574857e-06,8.5521874e-11,-0.0013477039,-1.348768e-06,True,True,0,1,False,41,35,6,0.0003597329162197127,163.76101556941856,0.0003597329162197127,163.76101556941856,0.0,False,False,nan,True
148,-0.12271929,-0.0009862208,5.618748e-06,1.0961031e-09,-0.0013477906,-1.6247611e-06,True,True,0,1,False,41,35,6,-0.00010352562663307197,163.76091204379193,-0.00010352562663307197,163.76091204379193,0.0,False,False,nan,True
149,-0.12271929,-0.0009862208,2.159833e-06,-9.0688795e-10,-0.0013478306,-6.742063e-07,True,True,0,1,False,41,35,6,0.00034188679894420204,163.76125393059087,0.00034188679894420204,163.76125393059087,0.0,False,False,nan,True
150,-0.12271929,-0.0009862208,-4.2809666e-07,-1.3357843e-10,-0.0013478189,1.8385086e-07,True,True,0,1,False,41,35,6,0.00017434945552174952,163.7614282800464,0.00017434945552174952,163.7614282800464,0.0,False,False,nan,True
151,-0.12271929,-0.0009862208,-9.842606e-07,1.027281e-09,-0.0013477976,3.4392622e-07,True,True,0,1,False,41,35,6,-5.348604795685219e-05,163.76137479399844,-5.348604795685219e-05,163.76137479399844,0.0,False,False,nan,True
152,-0.12271929,-0.0009862208,-5.0606025e-07,3.8446604e-10,-0.0013477829,2.1290097e-07,True,True,0,1,False,41,35,6,4.928690749217424e-05,163.76142408090593,4.928690749217424e-05,163.76142408090593,0.0,False,False,nan,True
153,-0.12271929,-0.0009862208,-2.7927502e-08,9.620683e-10,-0.0013477769,7.040766e-08,True,True,0,1,False,41,35,6,4.8416994417266324e-05,163.76147249790034,4.8416994417266324e-05,163.76147249790034,0.0,False,False,nan,True
154,-0.12271929,-0.0009862208,1.4438923e-07,-4.863349e-10,-0.0013477784,-8.093868e-08,True,True,0,1,False,41,35,6,-1.1795938089420588e-05,163.76146070196225,-1.1795938089420588e-05,163.76146070196225,0.0,False,False,nan,True
155,-0.12271929,-0.0009862208,1.0901461e-07,3.4440167e-10,-0.0013477799,-8.14627e-08,True,True,0,1,False,41,35,6,3.3861501727017185e-06,163.76146408811243,3.3861501727017185e-06,163.76146408811243,0.0,False,False,nan,True
156,-0.12271929,-0.0009862208,4.4852513e-08,-2.5829935e-10,-0.0013477817,-8.7904326e-08,True,True,0,1,False,41,35,6,6.229924659706398e-06,163.76147031803708,6.229924659706398e-06,163.76147031803708,0.0,False,False,nan,True
157,-0.12271929,-0.0009862208,-5.9959753e-09,1.7088758e-09,-0.0013477787,9.272347e-09,True,True,0,1,True,42,35,7,4.164531548056516e-06,163.76147448256864,4.164531548056516e-06,163.76147448256864,0.0,False,False,nan,True
158,-0.12271929,-0.0009862208,-4.010646e-08,5.830608e-10,-0.0013477713,9.793441e-08,True,True,0,1,False,42,35,7,-2.642537761943231e-06,163.76147184003088,-2.642537761943231e-06,163.76147184003088,0.0,False,False,nan,True
159,-0.12271929,-0.0009862208,-4.4781558e-08,2.3696925e-10,-0.0013477639,9.599675e-08,True,True,0,1,False,42,35,7,2.6626779359162356e-07,163.76147210629867,2.6626779359162356e-07,163.76147210629867,0.0,False,False,nan,True
160,-0.12271929,-0.0009862208,-3.8205737e-08,-4.943869e-11,-0.0013477566,9.447091e-08,True,True,0,1,False,42,35,7,1.3910580332066047e-06,163.7614734973567,1.3910580332066047e-06,163.7614734973567,0.0,False,False,nan,True
161,-0.12271929,-0.0009862208,0.0,0.0,-0.0013477507,0.0,True,True,0,1,False,42,35,7,100,263.7614734973567,100,263.7614734973567,0.0,True,False,nan,True
