step,x,y,vx,vy,angle,angular_velocity,left_leg_contact,right_leg_contact,navigation_action,current_fps,fresh_observation,n_fresh_observations,n_fresh_observations_before_touchdown,n_fresh_observations_after_touchdown,instant_nav_reward,cumulative_nav_reward,instant_adaptive_reward,cumulative_adaptive_reward,instant_frame_penalty,terminated,truncated,vy_at_touchdown,success
1,0.014069175,1.4052538,0.7049273,-0.13863489,-0.013999517,-0.11609086,False,False,1,25,True,2,2,0,0.438792177316061,0.438792177316061,0.438792177316061,0.438792177316061,0.0,False,False,nan,False
2,0.020962905,1.4015405,0.6927558,-0.16507217,-0.01735453,-0.0671064,False,False,1,25,False,2,2,0,0.625108951953423,1.063901129269484,0.625108951953423,1.063901129269484,0.0,False,False,nan,False
3,0.027771091,1.3972337,0.68203706,-0.19142205,-0.018556867,-0.024048729,False,False,1,25,True,3,3,0,0.6446018905789128,1.7085030198483968,0.6446018905789128,1.7085030198483968,0.0,False,False,nan,False
4,0.03450308,1.392337,0.67247057,-0.21763079,-0.017837754,0.014383728,False,False,1,25,False,3,3,0,0.674520845259708,2.383023865108105,0.674520845259708,2.383023865108105,0.0,False,False,nan,False
5,0.04116249,1.386842,0.6633563,-0.24418877,-0.01529184,0.050923288,False,False,1,25,True,4,4,0,0.7494040456062134,3.132427910714318,0.7494040456062134,3.132427910714318,0.0,False,False,nan,False
6,0.047748566,1.3807526,0.65417933,-0.2706009,-0.010907008,0.08770482,False,False,1,25,False,4,4,0,0.889535856730107,4.021963767444425,0.889535856730107,4.021963767444425,0.0,False,False,nan,False
7,0.05424757,1.3740548,0.64325804,-0.29764923,-0.0043378365,0.13139527,False,False,1,25,True,5,5,0,1.1874503733378117,5.209414140782236,1.1874503733378117,5.209414140782236,0.0,False,False,nan,False
8,0.06066084,1.3667614,0.6325076,-0.3241471,0.0043812674,0.1743981,False,False,1,25,False,5,5,0,0.4729626075107103,5.682376748292946,0.4729626075107103,5.682376748292946,0.0,False,False,nan,False
9,0.066976644,1.3588687,0.6202926,-0.3508539,0.015542231,0.22323978,False,False,1,25,True,6,6,0,-0.5786235072943942,5.103753240998552,-0.5786235072943942,5.103753240998552,0.0,False,False,nan,False
10,0.07320118,1.350383,0.60886353,-0.37733108,0.028983545,0.26885083,False,False,1,25,False,6,6,0,-0.9250202513358932,4.178732989662659,-0.9250202513358932,4.178732989662659,0.0,False,False,nan,False
11,0.0793396,1.3413074,0.5980635,-0.4037483,0.044575073,0.31185946,False,False,1,25,True,7,7,0,-1.2462546247874673,2.932478364875191,-1.2462546247874673,2.932478364875191,0.0,False,False,nan,False
12,0.08539982,1.3316245,0.5883118,-0.43097636,0.062116183,0.35085446,False,False,1,25,False,7,7,0,-1.6240465924414582,1.3084317724337329,-1.6240465924414582,1.3084317724337329,0.0,False,False,nan,False
13,0.09137964,1.3213463,0.57827187,-0.45774233,0.08165401,0.3907923,False,False,1,25,True,8,8,0,-1.8212222465587604,-0.5127904741250275,-1.8212222465587604,-0.5127904741250275,0.0,False,False,nan,False
14,0.097298816,1.3104742,0.5707294,-0.48449668,0.10268519,0.42066154,False,False,1,25,False,8,8,0,-2.204127306623319,-2.7169177807483464,-2.204127306623319,-2.7169177807483464,0.0,False,False,nan,False
15,0.10312386,1.2990004,0.5590155,-0.5117285,0.12605675,0.46747398,False,False,1,25,True,9,9,0,-2.190119890917656,-4.907037671666002,-2.190119890917656,-4.907037671666002,0.0,False,False,nan,False
16,0.10900879,1.2869511,0.5666419,-0.5375157,0.14785072,0.43591928,False,False,3,25,False,9,9,0,-3.372677920932715,-8.279715592598716,-3.372677920932715,-8.279715592598716,0.0,False,False,nan,False
17,0.11497021,1.2743366,0.57640505,-0.56272346,0.16761206,0.39526284,False,False,3,25,True,10,10,0,-3.252877943031051,-11.532593535629767,-3.252877943031051,-11.532593535629767,0.0,False,False,nan,False
18,0.120742515,1.2619387,0.55800325,-0.55330193,0.18692625,0.38631886,False,False,2,25,False,10,10,0,0.9221377349809756,-10.610455800648792,0.9221377349809756,-10.610455800648792,0.0,False,False,nan,False
19,0.12650594,1.2498076,0.55672497,-0.5417646,0.2067012,0.39553493,False,False,2,25,True,11,11,0,-0.22698256867524264,-10.837438369324035,-0.22698256867524264,-10.837438369324035,0.0,False,False,nan,False
20,0.13233423,1.2370913,0.56494004,-0.56776816,0.2247977,0.36196265,False,False,3,25,False,11,11,0,-3.047861986602753,-13.885300355926788,-3.047861986602753,-13.885300355926788,0.0,False,False,nan,False
21,0.13823757,1.2238007,0.5744623,-0.59319687,0.24091694,0.32241407,False,False,3,25,True,12,12,0,-2.86713507426836,-16.75243543019515,-2.86713507426836,-16.75243543019515,0.0,False,False,nan,False
22,0.14374971,1.2111785,0.5362085,-0.56350654,0.25620887,0.30586615,False,False,2,25,False,12,12,0,4.152272269738899,-12.600163160456251,4.152272269738899,-12.600163160456251,0.0,False,False,nan,False
23,0.14926215,1.1985824,0.53582656,-0.5626031,0.2719939,0.3157285,False,False,2,25,True,13,13,0,-0.6028663959087226,-13.203029556364974,-0.6028663959087226,-13.203029556364974,0.0,False,False,nan,False
24,0.15465526,1.186126,0.5238949,-0.5565612,0.28786048,0.31736016,False,False,2,25,False,13,13,0,0.5398898408770207,-12.663139715487954,0.5398898408770207,-12.663139715487954,0.0,False,False,nan,False
25,0.1598835,1.1735424,0.5081095,-0.56224227,0.30303684,0.30354315,False,False,2,25,True,14,14,0,0.01326701962501603,-12.649872695862939,0.01326701962501603,-12.649872695862939,0.0,False,False,nan,False
26,0.16486827,1.1614523,0.48354244,-0.54052866,0.31851685,0.30960003,False,False,2,25,False,14,14,0,2.5380520158510196,-10.11182068001192,2.5380520158510196,-10.11182068001192,0.0,False,False,nan,False
27,0.16942415,1.1499212,0.44145194,-0.51566654,0.33323172,0.29429823,False,False,2,25,True,15,15,0,3.947674335736065,-6.1641463442758555,3.947674335736065,-6.1641463442758555,0.0,False,False,nan,False
28,0.17406455,1.1378323,0.45218664,-0.540072,0.3456351,0.24806812,False,False,3,25,False,15,15,0,-2.700049416339566,-8.864195760615422,-2.700049416339566,-8.864195760615422,0.0,False,False,nan,False
29,0.17877074,1.1251845,0.4605921,-0.5645627,0.3561757,0.21081205,False,False,3,25,True,16,16,0,-2.33018171574531,-11.194377476360732,-2.33018171574531,-11.194377476360732,0.0,False,False,nan,False
30,0.18344346,1.1128414,0.4565084,-0.55129105,0.36754343,0.22735457,False,False,2,25,False,16,16,0,0.9916200389265952,-10.202757437434137,0.9916200389265952,-10.202757437434137,0.0,False,False,nan,False
31,0.18789463,1.1010611,0.4340836,-0.5264459,0.3792424,0.23397946,False,False,2,25,True,17,17,0,2.9619441600344603,-7.240813277399677,2.9619441600344603,-7.240813277399677,0.0,False,False,nan,False
32,0.19240752,1.0887105,0.44187126,-0.55144805,0.38925967,0.20034532,False,False,3,25,False,17,17,0,-2.3234938631756266,-9.564307140575304,-2.3234938631756266,-9.564307140575304,0.0,False,False,nan,False
33,0.19701156,1.0758102,0.4534007,-0.5752811,0.39673442,0.14949517,False,False,3,10,True,18,18,0,-2.1725538181670445,-11.736860958742348,-2.1725538181670445,-11.736860958742348,0.0,False,False,nan,False
34,0.20147952,1.0628545,0.4397691,-0.57778466,0.40427852,0.15088175,False,False,2,10,False,18,18,0,0.7742001116689152,-10.962660847073433,0.7742001116689152,-10.962660847073433,0.0,False,False,nan,False
35,0.20562144,1.0498952,0.40779048,-0.57781976,0.41115877,0.1376048,False,False,2,10,False,18,18,0,2.09426747272006,-8.868393374353374,2.09426747272006,-8.868393374353374,0.0,False,False,nan,False
36,0.20951939,1.0368503,0.38378206,-0.5815345,0.41763896,0.12960383,False,False,2,10,False,18,18,0,1.3021869196891316,-7.5662064546642425,1.3021869196891316,-7.5662064546642425,0.0,False,False,nan,False
37,0.21314545,1.023822,0.3569677,-0.58072543,0.42374113,0.122043654,False,False,2,10,False,18,18,0,1.80238511418396,-5.763821340480282,1.80238511418396,-5.763821340480282,0.0,False,False,nan,False
38,0.21651697,1.0114493,0.33104616,-0.5517473,0.43036145,0.13240652,False,False,2,10,True,19,19,0,4.001333296967158,-1.762488043513124,4.001333296967158,-1.762488043513124,0.0,False,False,nan,False
39,0.21994114,0.99851835,0.33778316,-0.5761383,0.43539676,0.100705504,False,False,3,10,False,19,19,0,-1.784110785272701,-3.546598828785825,-1.784110785272701,-3.546598828785825,0.0,False,False,nan,False
40,0.22343865,0.98503035,0.3470281,-0.60030365,0.43835503,0.059165306,False,False,3,10,False,19,19,0,-1.6393615885619386,-5.185960417347764,-1.6393615885619386,-5.185960417347764,0.0,False,False,nan,False
41,0.22701912,0.9710135,0.35767275,-0.623091,0.4387608,0.008114907,False,False,3,10,False,19,19,0,-1.290886650636337,-6.476847067984101,-1.290886650636337,-6.476847067984101,0.0,False,False,nan,False
42,0.23068151,0.95646614,0.36818796,-0.64594007,0.43664724,-0.04227107,False,False,3,10,False,19,19,0,-0.993356890025068,-7.4702039580091695,-0.993356890025068,-7.4702039580091695,0.0,False,False,nan,False
43,0.23441371,0.94136554,0.37702432,-0.6699544,0.4325065,-0.0828148,False,False,3,10,True,20,20,0,-0.7631547519612514,-8.233358709970421,-0.7631547519612514,-8.233358709970421,0.0,False,False,nan,False
44,0.2377676,0.92704284,0.33902174,-0.6354553,0.4285572,-0.078986086,False,False,2,10,False,20,20,0,6.25344197880811,-1.9799167311623114,6.25344197880811,-1.9799167311623114,0.0,False,False,nan,False
45,0.24069825,0.9134461,0.29678184,-0.60317314,0.4245264,-0.080615595,False,False,2,10,False,20,20,0,6.145515595266613,4.165598864104302,6.145515595266613,4.165598864104302,0.0,False,False,nan,False
46,0.24345922,0.8998192,0.2798111,-0.60452974,0.4205039,-0.08044954,False,False,2,10,False,20,20,0,1.9562881354438957,6.121886999548198,1.9562881354438957,6.121886999548198,0.0,False,False,nan,False
47,0.24619111,0.8861532,0.27637833,-0.60643184,0.4170647,-0.06878413,False,False,2,10,False,20,20,0,1.2600706882100894,7.3819576877582875,1.2600706882100894,7.3819576877582875,0.0,False,False,nan,False
48,0.24846096,0.87318337,0.23048857,-0.5754135,0.41329038,-0.0754861,False,False,2,10,True,21,21,0,5.9227959280720315,13.304753615830318,5.9227959280720315,13.304753615830318,0.0,False,False,nan,False
49,0.2504425,0.8603907,0.20190454,-0.5674678,0.4092577,-0.080653206,False,False,2,10,False,21,21,0,3.0321171276924703,16.336870743522788,3.0321171276924703,16.336870743522788,0.0,False,False,nan,False
50,0.25197905,0.8482468,0.15774228,-0.5385586,0.40486887,-0.0877771,False,False,2,10,False,21,21,0,5.373804752229558,21.710675495752344,5.373804752229558,21.710675495752344,0.0,False,False,nan,False
51,0.25318328,0.83606917,0.12519282,-0.53987306,0.3997555,-0.102266744,False,False,2,10,False,21,21,0,2.0417479950605584,23.7524234908129,2.0417479950605584,23.7524234908129,0.0,False,False,nan,False
52,0.25410634,0.8247811,0.096535146,-0.5005057,0.39523116,-0.090487435,False,False,2,10,False,21,21,0,5.651870007593499,29.4042934984064,5.651870007593499,29.4042934984064,0.0,False,False,nan,False
53,0.2548112,0.8133425,0.07509537,-0.5071147,0.39030895,-0.09844397,False,False,2,10,True,22,22,0,0.9722242783793547,30.376517776785754,0.9722242783793547,30.376517776785754,0.0,False,False,nan,False
54,0.2552229,0.8027417,0.045377895,-0.46999693,0.38581908,-0.089797676,False,False,2,10,False,22,22,0,5.193755713300203,35.57027349008596,5.193755713300203,35.57027349008596,0.0,False,False,nan,False
55,0.25548333,0.7924321,0.029908473,-0.45716467,0.38171524,-0.08207692,False,False,2,10,False,22,22,0,2.4883520522784126,38.058625542364375,2.4883520522784126,38.058625542364375,0.0,False,False,nan,False
56,0.25547284,0.7828001,0.0025236642,-0.4271427,0.37791482,-0.076008424,False,False,2,10,False,22,22,0,4.095754728919457,42.154380271283834,4.095754728919457,42.154380271283834,0.0,False,False,nan,False
57,0.25534707,0.77330345,-0.00933116,-0.42121238,0.3744548,-0.069199726,False,False,2,10,False,22,22,0,1.535655360247955,43.69003563153179,1.535655360247955,43.69003563153179,0.0,False,False,nan,False
58,0.25520247,0.76392907,-0.011886567,-0.41596493,0.37172842,-0.05452765,False,False,2,10,True,23,23,0,1.3849531871420708,45.074988818673866,1.3849531871420708,45.074988818673866,0.0,False,False,nan,False
59,0.2551424,0.7540143,-0.00111456,-0.43939006,0.3665471,-0.10362687,False,False,3,10,False,23,23,0,-0.8958501886686736,44.17913863000519,-0.8958501886686736,44.17913863000519,0.0,False,False,nan,False
60,0.25515014,0.74354756,0.0075388225,-0.46347964,0.35939878,-0.14296678,False,False,3,10,False,23,23,0,-0.7396288254952015,43.43950980450999,-0.7396288254952015,43.43950980450999,0.0,False,False,nan,False
61,0.25522605,0.7325319,0.016283747,-0.48743483,0.3502504,-0.18296762,False,False,3,10,False,23,23,0,-0.4931353511462919,42.946374453363696,-0.4931353511462919,42.946374453363696,0.0,False,False,nan,False
62,0.2553668,0.7209648,0.024597332,-0.511573,0.33921003,-0.2208074,False,False,3,10,False,23,23,0,-0.28502379453618576,42.66135065882751,-0.28502379453618576,42.66135065882751,0.0,False,False,nan,False
63,0.255591,0.7088319,0.035133533,-0.5363112,0.3259377,-0.26544705,False,False,3,10,True,24,24,0,-0.09746833861538448,42.56388232021212,-0.09746833861538448,42.56388232021212,0.0,False,False,nan,False
64,0.25574017,0.6960603,0.025691325,-0.5652366,0.3147298,-0.22415729,False,False,1,10,False,24,24,0,-0.5501174581555393,42.01376486205658,-0.5501174581555393,42.01376486205658,0.0,False,False,nan,False
65,0.25582752,0.68264854,0.017846556,-0.59412724,0.305276,-0.1890758,False,False,1,10,False,24,24,0,-0.687759344536828,41.326005517519754,-0.687759344536828,41.326005517519754,0.0,False,False,nan,False
66,0.2558593,0.6686,0.010809386,-0.6227973,0.297394,-0.1576401,False,False,1,10,False,24,24,0,-0.7787212734972957,40.54728424402246,-0.7787212734972957,40.54728424402246,0.0,False,False,nan,False
67,0.25581646,0.6539167,0.0014019303,-0.65144366,0.29153237,-0.117232725,False,False,1,10,False,24,24,0,-0.9282912053894552,39.618993038633,-0.9282912053894552,39.618993038633,0.0,False,False,nan,False
68,0.25568056,0.63859195,-0.010326535,-0.68045354,0.2881748,-0.06715183,False,False,1,50,True,25,25,0,-1.1729731867441433,38.446019851888856,-1.1729731867441433,38.446019851888856,0.0,False,False,nan,False
69,0.2554512,0.62382346,-0.020254519,-0.65584534,0.28541538,-0.055188604,False,False,2,50,True,26,26,0,3.7908287884498693,42.23684864033873,3.7908287884498693,42.23684864033873,0.0,False,False,nan,False
70,0.2549553,0.6091599,-0.046356544,-0.6510871,0.28208494,-0.06660957,False,False,2,50,True,27,27,0,1.7491336275683806,43.98598226790711,1.7491336275683806,43.98598226790711,0.0,False,False,nan,False
71,0.25444108,0.594814,-0.04886935,-0.63710463,0.27946028,-0.052492924,False,False,2,50,True,28,28,0,2.6796099125826744,46.66559218048979,2.6796099125826744,46.66559218048979,0.0,False,False,nan,False
72,0.2536398,0.58083814,-0.077132694,-0.6205793,0.2763847,-0.06151112,False,False,2,50,True,29,29,0,2.6844133896364726,49.350005570126264,2.6844133896364726,49.350005570126264,0.0,False,False,nan,False
73,0.2525696,0.5671222,-0.103562556,-0.6089453,0.27283627,-0.07096872,False,False,2,50,True,30,30,0,2.1195552763700336,51.4695608464963,2.1195552763700336,51.4695608464963,0.0,False,False,nan,False
74,0.25143176,0.5540574,-0.111038685,-0.58014923,0.27002558,-0.056213956,False,False,2,50,True,31,31,0,3.9202382199405124,55.389799066436815,3.9202382199405124,55.389799066436815,0.0,False,False,nan,False
75,0.25018817,0.5415277,-0.12206171,-0.55645394,0.2676767,-0.0469777,False,False,2,50,True,32,32,0,3.225455032310845,58.61525409874766,3.225455032310845,58.61525409874766,0.0,False,False,nan,False
76,0.24862757,0.5294266,-0.15320359,-0.5373089,0.2647527,-0.058480404,False,False,2,50,True,33,33,0,2.2512967071292396,60.866550805876905,2.2512967071292396,60.866550805876905,0.0,False,False,nan,False
77,0.24673195,0.51820034,-0.18640976,-0.4983789,0.26152283,-0.06459638,False,False,2,50,True,34,34,0,3.781296081382192,64.64784688725909,3.781296081382192,64.64784688725909,0.0,False,False,nan,False
78,0.24489947,0.50639755,-0.17843953,-0.52371967,0.2566217,-0.09802283,False,False,3,50,True,35,35,0,-0.5149040407277414,64.13294284653135,-0.5149040407277414,64.13294284653135,0.0,False,False,nan,False
79,0.24306917,0.49497107,-0.17898205,-0.5071413,0.2524933,-0.082567826,False,False,2,50,True,36,36,0,2.768757647814579,66.90170049434593,2.768757647814579,66.90170049434593,0.0,False,False,nan,False
80,0.24104233,0.4838676,-0.19846903,-0.49276966,0.2481955,-0.08595593,False,False,2,50,True,37,37,0,1.8711029047775127,68.77280339912345,1.8711029047775127,68.77280339912345,0.0,False,False,nan,False
81,0.23908702,0.47218618,-0.18947846,-0.5181641,0.24203444,-0.12322124,False,False,3,50,True,38,38,0,-0.3307361785650176,68.44206722055843,-0.3307361785650176,68.44206722055843,0.0,False,False,nan,False
82,0.2371006,0.4607867,-0.19307736,-0.50573885,0.23638532,-0.11298259,False,False,2,50,True,39,39,0,2.408504344443611,70.85057156500204,2.408504344443611,70.85057156500204,0.0,False,False,nan,False
83,0.2350564,0.44955027,-0.1991367,-0.49855965,0.23102696,-0.10716703,False,False,2,50,True,40,40,0,1.7757003590009048,72.62627192400295,1.7757003590009048,72.62627192400295,0.0,False,False,nan,False
84,0.23293228,0.43822682,-0.20712653,-0.5024424,0.22567087,-0.10712198,False,False,2,50,True,41,41,0,0.6761103751244775,73.30238229912743,0.6761103751244775,73.30238229912743,0.0,False,False,nan,False
85,0.23048076,0.42766693,-0.23932464,-0.46845254,0.2197801,-0.11781567,False,False,2,50,True,42,42,0,3.077311877696599,76.37969417682403,3.077311877696599,76.37969417682403,0.0,False,False,nan,False
86,0.2281045,0.41653362,-0.22984307,-0.49367312,0.21191706,-0.15726097,False,False,3,50,True,43,43,0,-0.00297230547465574,76.37672187134937,-0.00297230547465574,76.37672187134937,0.0,False,False,nan,False
87,0.22581673,0.40482166,-0.21873519,-0.5191218,0.20178264,-0.20268837,False,False,3,50,True,44,44,0,0.24245911118799882,76.61918098253737,0.24245911118799882,76.61918098253737,0.0,False,False,nan,False
88,0.22336826,0.39304563,-0.234387,-0.5219882,0.19125162,-0.21062072,False,False,2,50,True,45,45,0,1.0119862608522652,77.63116724338964,1.0119862608522652,77.63116724338964,0.0,False,False,nan,False
89,0.22086067,0.38193047,-0.24073759,-0.49274507,0.18119112,-0.20120998,False,False,2,50,True,46,46,0,4.173843185591022,81.80501042898067,4.173843185591022,81.80501042898067,0.0,False,False,nan,False
90,0.21835299,0.37021673,-0.2407352,-0.5194201,0.1711307,-0.20120856,False,False,0,50,True,47,47,0,-0.264603134282666,81.540407294698,-0.264603134282666,81.540407294698,0.0,False,False,nan,False
91,0.21560153,0.3594128,-0.26477656,-0.47901502,0.1607521,-0.20757166,False,False,2,5,True,48,48,0,4.324325147567063,85.86473244226507,4.324325147567063,85.86473244226507,0.0,False,False,nan,False
92,0.2128499,0.34801018,-0.2647743,-0.5056907,0.15037361,-0.20757012,False,False,0,5,False,48,48,0,-0.19341849578218273,85.67131394648288,-0.19341849578218273,85.67131394648288,0.0,False,False,nan,False
93,0.21009818,0.33600906,-0.26477218,-0.53236634,0.13999519,-0.20756856,False,False,0,5,False,48,48,0,-0.1727201118979309,85.49859383458495,-0.1727201118979309,85.49859383458495,0.0,False,False,nan,False
94,0.20734625,0.3234094,-0.2647702,-0.55904204,0.12961686,-0.20756698,False,False,0,5,False,48,48,0,-0.15020804056122472,85.34838579402373,-0.15020804056122472,85.34838579402373,0.0,False,False,nan,False
95,0.20459433,0.31021106,-0.2647684,-0.5857176,0.119238585,-0.20756538,False,False,0,5,False,48,48,0,-0.1265727369857359,85.22181305703799,-0.1265727369857359,85.22181305703799,0.0,False,False,nan,False
96,0.20184211,0.29641423,-0.2647667,-0.6123933,0.1088604,-0.20756383,False,False,0,5,False,48,48,0,-0.10255548040922235,85.11925757662877,-0.10255548040922235,85.11925757662877,0.0,False,False,nan,False
97,0.19908991,0.28201878,-0.26476514,-0.639069,0.09848229,-0.20756233,False,False,0,5,False,48,48,0,-0.07889482258460134,85.04036275404417,-0.07889482258460134,85.04036275404417,0.0,False,False,nan,False
98,0.19633761,0.26702473,-0.26476374,-0.6657448,0.08810425,-0.20756078,False,False,0,5,False,48,48,0,-0.05638026514272099,84.98398248890145,-0.05638026514272099,84.98398248890145,0.0,False,False,nan,False
99,0.1935852,0.25143215,-0.26476246,-0.6924204,0.07772628,-0.20755926,False,False,0,5,False,48,48,0,-0.035941962761725677,84.94804052613972,-0.035941962761725677,84.94804052613972,0.0,False,False,nan,False
100,0.19083281,0.23524097,-0.26476133,-0.71909606,0.06734839,-0.20755775,False,False,0,5,False,48,48,0,-0.018667739607622025,84.9293727865321,-0.018667739607622025,84.9293727865321,0.0,False,False,nan,False
101,0.18808031,0.21845113,-0.26476035,-0.7457717,0.056970574,-0.2075562,False,False,0,5,True,49,49,0,-0.005891079555993883,84.9234817069761,-0.005891079555993883,84.9234817069761,0.0,False,False,nan,False
102,0.18542424,0.20227748,-0.2557711,-0.7184839,0.047251277,-0.19438615,False,False,2,5,False,49,49,0,4.92985841274101,89.85334011971712,4.92985841274101,89.85334011971712,0.0,False,False,nan,False
103,0.18265323,0.18603517,-0.2667989,-0.7215803,0.037078805,-0.20344944,False,False,2,5,False,49,49,0,1.4192544592545004,91.27259457897162,1.4192544592545004,91.27259457897162,0.0,False,False,nan,False
104,0.17993183,0.16985808,-0.2621486,-0.71876466,0.027211105,-0.19735387,False,False,2,5,False,49,49,0,2.438547655995376,93.711142234967,2.438547655995376,93.711142234967,0.0,False,False,nan,False
105,0.17719965,0.15444067,-0.26329282,-0.6850647,0.017407237,-0.19607744,False,False,2,5,False,49,49,0,5.03479521617771,98.74593745114471,5.03479521617771,98.74593745114471,0.0,False,False,nan,False
106,0.1743701,0.13900588,-0.27260116,-0.6858974,0.0071847597,-0.20444942,False,False,2,5,False,49,49,0,1.5118056059975629,100.25774305714228,1.5118056059975629,100.25774305714228,0.0,False,False,nan,False
107,0.17155866,0.123568304,-0.27089405,-0.68609166,-0.002941148,-0.20251794,False,False,2,5,False,49,49,0,1.3261175130301097,101.58386057017239,1.3261175130301097,101.58386057017239,0.0,False,False,nan,False
108,0.16867828,0.10872289,-0.2774399,-0.6598457,-0.013395867,-0.20909448,False,False,2,5,False,49,49,0,1.9126396372295005,103.4965002074019,1.9126396372295005,103.4965002074019,0.0,False,False,nan,False
109,0.1656414,0.094421275,-0.29231888,-0.6357656,-0.024621526,-0.22451314,False,False,2,5,False,49,49,0,1.1843643483572464,104.68086455575914,1.1843643483572464,104.68086455575914,0.0,False,False,nan,False
110,0.16263428,0.08051463,-0.2893997,-0.6182936,-0.035784755,-0.22326478,False,False,2,5,False,49,49,0,1.2104869638439169,105.89135151960306,1.2104869638439169,105.89135151960306,0.0,False,False,nan,False
111,0.15981407,0.06722983,-0.27146015,-0.5907195,-0.04621996,-0.20870431,False,False,2,5,True,50,50,0,2.7221418812876808,108.61349340089075,2.7221418812876808,108.61349340089075,0.0,False,False,nan,False
112,0.1568962,0.054618295,-0.28059128,-0.56089264,-0.057287417,-0.22134896,False,False,2,5,False,50,50,0,1.612662787959107,110.22615618884986,1.612662787959107,110.22615618884986,0.0,False,False,nan,False
113,0.15388909,0.042544138,-0.28890318,-0.53712,-0.06896734,-0.23359852,False,False,2,5,False,50,50,0,0.9063817444485351,111.1325379332984,0.9063817444485351,111.1325379332984,0.0,False,False,nan,False
114,0.15082236,0.03116034,-0.2943175,-0.50656134,-0.08119606,-0.24457407,False,False,2,5,False,50,50,0,1.4457025538552244,112.57824048715362,1.4457025538552244,112.57824048715362,0.0,False,False,nan,False
115,0.14793634,0.020366916,-0.27680644,-0.48038658,-0.0928903,-0.23388465,False,False,2,5,False,50,50,0,2.1407176176698757,114.7189581048235,2.1407176176698757,114.7189581048235,0.0,False,False,nan,False
116,0.14497375,0.010350761,-0.28372163,-0.44598958,-0.10533042,-0.2488023,False,False,2,5,False,50,50,0,1.4391812560547634,116.15813936087827,1.4391812560547634,116.15813936087827,0.0,False,False,nan,False
117,0.14202423,0.00045387505,-0.28225398,-0.44080323,-0.11794333,-0.25225806,True,False,2,5,False,50,50,0,-100,16.158139360878266,-100.0,16.158139360878266,0.0,False,False,0.44080323,True
118,0.13922635,-0.008075263,-0.28526762,-0.37872884,-0.11177761,0.12425476,True,False,2,5,False,50,50,0,5.501173102939572,21.659312463817837,5.501173102939572,21.659312463817837,0.0,False,False,nan,True
119,0.13656417,-0.01586429,-0.29145908,-0.34444988,-0.08689395,0.49746004,True,True,2,5,False,50,50,0,14.67920642452648,36.33851888834432,14.67920642452648,36.33851888834432,0.0,False,False,nan,True
120,0.13429022,-0.022022929,-0.25523818,-0.2725301,-0.060500737,0.5264064,True,True,2,5,False,50,50,0,10.261693256068558,46.60021214441288,10.261693256068558,46.60021214441288,0.0,False,False,nan,True
121,0.13231306,-0.026398756,-0.22561958,-0.19358851,-0.032935247,0.5512895,True,True,2,5,True,51,50,1,10.182854821643144,56.783066966056026,10.182854821643144,56.783066966056026,0.0,False,False,nan,True
122,0.13051033,-0.029187754,-0.20896387,-0.123586945,-0.0046309847,0.56606984,True,True,2,5,False,51,50,1,8.100486362467908,64.88355332852393,8.100486362467908,64.88355332852393,0.0,False,False,nan,True
123,0.12892619,-0.03030491,-0.18384086,-0.04978667,0.020452697,0.5016678,True,True,2,5,False,51,50,1,3.4784450587370275,68.36199838726095,3.4784450587370275,68.36199838726095,0.0,False,False,nan,True
124,0.12739773,-0.029728344,-0.16888027,0.02531646,0.036294825,0.31684548,True,True,2,5,False,51,50,1,0.24732870844978266,68.60932709571074,0.24732870844978266,68.60932709571074,0.0,False,False,nan,True
125,0.12589388,-0.027966669,-0.1546993,0.07818678,0.04056663,0.08544673,True,True,2,5,False,51,50,1,-0.7982060755118312,67.81112102019891,-0.7982060755118312,67.81112102019891,0.0,False,False,nan,True
126,0.12438488,-0.02564248,-0.14920856,0.103342675,0.038919438,-0.032913066,True,True,2,5,False,51,50,1,-0.755726730665532,67.05539428953338,-0.755726730665532,67.05539428953338,0.0,False,False,nan,True
127,0.1230341,-0.022603717,-0.1336219,0.13509859,0.037516095,-0.02801681,True,True,2,5,False,51,50,1,-0.8204502234516469,66.23494406608174,-0.8204502234516469,66.23494406608174,0.0,False,False,nan,True
128,0.121828936,-0.018735757,-0.120600305,0.17190978,0.03759514,0.0015811144,True,True,2,5,False,51,50,1,-2.1223875433032005,64.11255652277853,-2.1223875433032005,64.11255652277853,0.0,False,False,nan,True
129,0.120489314,-0.014256253,-0.13354531,0.19909798,0.037180886,-0.008285711,False,False,2,5,False,51,50,1,-23.039862128178225,41.072694394600305,-23.039862128178225,41.072694394600305,0.0,False,False,nan,True
130,0.119055465,-0.009730866,-0.14259367,0.20114844,0.036402628,-0.015566413,False,False,2,5,False,51,50,1,-0.7170007303667305,40.35569366423358,-0.7170007303667305,40.35569366423358,0.0,False,False,nan,True
131,0.11758165,-0.0044608973,-0.1465809,0.23423915,0.035609376,-0.015866218,False,False,2,1,True,52,50,2,-3.0179010742752608,37.33779258995832,-3.0179010742752608,37.33779258995832,0.0,False,False,nan,True
132,0.116107844,0.0002088642,-0.14657903,0.2075625,0.034816198,-0.01586495,False,False,0,1,False,52,50,2,2.4571985013047026,39.79499109126302,2.4571985013047026,39.79499109126302,0.0,False,False,nan,True
133,0.11463404,0.004278705,-0.14657661,0.18089913,0.034023076,-0.015863918,False,False,0,1,False,52,50,2,2.3460171090400195,42.14100820030304,2.3460171090400195,42.14100820030304,0.0,False,False,nan,False
134,0.11316023,0.0077484823,-0.14657435,0.15423106,0.03323005,-0.015861679,False,False,0,1,False,52,50,2,2.2139944143815455,44.35500261468459,2.2139944143815455,44.35500261468459,0.0,False,False,nan,False
135,0.11168651,0.010618267,-0.14657208,0.12756261,0.032437142,-0.015859425,False,False,0,1,False,52,50,2,2.049042543132728,46.404045157817315,2.049042543132728,46.404045157817315,0.0,False,False,nan,False
136,0.1102128,0.01288806,-0.14656982,0.10089405,0.031644344,-0.015857168,False,False,0,1,False,52,50,2,1.8388022359797276,48.24284739379704,1.8388022359797276,48.24284739379704,0.0,False,False,nan,False
137,0.10873909,0.014557753,-0.14656758,0.07422547,0.030851673,-0.01585496,False,False,0,1,False,52,50,2,1.569548901079333,49.81239629487638,1.569548901079333,49.81239629487638,0.0,False,False,nan,False
138,0.10726547,0.015627347,-0.14656535,0.04755686,0.030059109,-0.015852733,False,False,0,1,False,52,50,2,1.2306956700831861,51.043091964959565,1.2306956700831861,51.043091964959565,0.0,False,False,nan,False
139,0.10579185,0.016096983,-0.14656313,0.020888204,0.02926664,-0.015850525,False,False,0,1,False,52,50,2,0.8224529898385775,51.86554495479814,0.8224529898385775,51.86554495479814,0.0,False,False,nan,False
140,0.104311846,0.015955577,-0.14678732,-0.0062625804,0.028070962,-0.023911871,False,False,0,1,False,52,50,2,0.3803377608988505,52.24588271569699,0.3803377608988505,52.24588271569699,0.0,False,False,nan,False
141,0.10283184,0.015214142,-0.14678995,-0.03293006,0.026875256,-0.02391207,False,False,0,1,False,52,50,2,-0.07478928081847869,52.171093434878514,-0.07478928081847869,52.171093434878514,0.0,False,False,nan,False
142,0.101351835,0.01387268,-0.14679256,-0.05959736,0.02567937,-0.02391592,False,False,0,1,False,52,50,2,-0.5140922369103436,51.65700119796817,-0.5140922369103436,51.65700119796817,0.0,False,False,nan,False
143,0.09987173,0.011931334,-0.14679524,-0.0862646,0.024483362,-0.023918562,False,False,0,1,False,52,50,2,-0.8925310726328526,50.76447012533532,-0.8925310726328526,50.76447012533532,0.0,False,False,nan,False
144,0.09839163,0.009389958,-0.14679788,-0.11293194,0.023287224,-0.023921052,False,False,0,1,False,52,50,2,-1.200623082124519,49.5638470432108,-1.200623082124519,49.5638470432108,0.0,False,False,nan,False
145,0.09691143,0.006248591,-0.14680052,-0.13959928,0.022090938,-0.023923669,False,False,0,1,False,52,50,2,-1.444560932502359,48.119286110708444,-1.444560932502359,48.119286110708444,0.0,False,False,nan,False
146,0.09543133,0.0025071956,-0.14680314,-0.16626662,0.02089453,-0.02392615,False,False,0,1,False,52,50,2,-1.6377086427980885,46.481577467910355,-1.6377086427980885,46.481577467910355,0.0,False,False,nan,False
147,0.09395113,-0.001834228,-0.14680576,-0.19293398,0.019698018,-0.023928689,False,False,0,1,False,52,50,2,-1.794360241597623,44.68721722631273,-1.794360241597623,44.68721722631273,0.0,False,False,nan,False
148,0.09247093,-0.0067755724,-0.14680839,-0.21960136,0.018501371,-0.023931153,True,False,0,1,False,52,50,2,8.072910050625218,52.76012727693795,8.072910050625218,52.76012727693795,0.0,False,False,nan,False
149,0.09105577,-0.011812904,-0.1537104,-0.22430234,0.031645954,0.26426214,True,True,0,1,False,52,50,2,7.999344048360712,60.75947132529866,7.999344048360712,60.75947132529866,0.0,False,False,nan,False
150,0.08972311,-0.016203716,-0.14980529,-0.1960668,0.045427468,0.2723655,True,False,0,1,False,52,50,2,-8.796746824022662,51.962724501276,-8.796746824022662,51.962724501276,0.0,False,False,nan,False
151,0.08836441,-0.0200318,-0.14989081,-0.17061308,0.059262488,0.27667937,True,False,0,1,False,52,50,2,0.637578356883509,52.60030285815951,0.637578356883509,52.60030285815951,0.0,False,False,nan,False
152,0.08710279,-0.02337891,-0.14101902,-0.1493955,0.07391519,0.29300186,True,False,0,1,False,52,50,2,0.7432265477672502,53.34352940592676,0.7432265477672502,53.34352940592676,0.0,False,False,nan,False
153,0.08594837,-0.02626597,-0.13118604,-0.12916496,0.08949959,0.31167796,True,False,0,1,False,52,50,2,0.6067061932662057,53.950235599192965,0.6067061932662057,53.950235599192965,0.0,False,False,nan,False
154,0.08490076,-0.028703025,-0.121480346,-0.109398626,0.10607315,0.3314635,True,False,0,1,False,52,50,2,0.4299303459639745,54.38016594515694,0.4299303459639745,54.38016594515694,0.0,False,False,nan,False
155,0.08395968,-0.03069755,-0.11185143,-0.09000758,0.12369795,0.35249048,True,False,0,1,False,52,50,2,0.25113635623848296,54.63130230139542,0.25113635623848296,54.63130230139542,0.0,False,False,nan,False
156,0.08311663,-0.03227333,-0.10241355,-0.07164366,0.1417252,0.3605398,True,False,0,1,False,52,50,2,0.07896545702629965,54.71026775842172,0.07896545702629965,54.71026775842172,0.0,False,False,nan,False
157,0.08223839,-0.032279875,-0.085126854,-0.0036290262,0.13897778,-0.021791931,True,False,0,1,False,52,50,2,-100,-45.28973224157828,-100,-45.28973224157828,0.0,True,False,nan,False
